0.06979554933118404
0.06078208465073487
-0.025670400163028018
0.1814810225427932
-0.346899904983604
0.3505695706793436
-0.4880228579348298
-0.4449762886577986
-0.27859124840295413
0.26546846594409923
-0.04760472945823013
0.48485793675104283
0.2557413016952347
-0.39539863806250153
-0.25278302173290346
-0.41120712469252874
-0.3221118522460926
0.3785881336101342
0.49180773626413155
0.4318110917206277
0.44209489438374494
-0.42459623779837496
-0.3581606172345918
0.1561195460378959
-0.4204981545678065
0.17041042987573218
0.18624936713227036
0.27183645408756396
-0.12076378902674978
-0.28302084569298736
0.3495570391403202
-0.2572383489222092
-0.2481705919814976
0.19955441971413368
0.3650346022941968
-0.09483102592212556
0.18867922248838287
0.2085950941475242
0.24462704575630378
0.22714817169557244
0.15276673470299085
0.0011940772368767005
0.14710235034219143
-0.36630257662219
0.399589920932505
-0.4486244442679479
-0.4671277653636501
0.02395754630533309
0.0804975646895556
-0.31597322539227635
-0.12651415345027472
0.40033259050806236
-0.40033008678730875
-0.2514084130559917
0.07010157314904886
-0.31602124406837895
-0.18313147960665255
-0.376831396820426
0.43720775724916483
0.36534061543315544
0.17389456400208825
-0.3419716297296075
0.07581020431642371
-0.25132099397992635
-0.14613112812853124
-0.40238874661854496
-0.08535924595815869
0.3710132884470452
-0.23946489601987564
-0.34930237546833676
0.24948639758145696
-0.035017513942507406
-0.1915956272896745
-0.15990122592313494
-0.23672544094307546
0.10761940921247792
-0.4611727509293252
-0.38260839076996545
-0.22574677238654983
0.21091420385903203
-0.13275543463881323
0.08058372394018065
-0.41224880213774606
0.23145316051697173
0.40914909249603515
0.2968773943497417
-0.13364496383787317
-0.31106766109509953
-0.36279161350570166
0.25215935682936486
-0.3165545496559845
-0.201731615758878
-0.25512530257075294
0.22621117929358348
-0.36477674537770743
-0.08508803684401456
0.38692052435169744
0.23797846320867477
0.007165239775526744
-0.4753952747262741
-0.15919556649420719
-0.08641126987787073
-0.19490271288079797
0.4086362790018183
-0.40167660674902106
0.26372323855041657
0.2747137264769852
-0.0659479859463753
-0.3033927736860058
-0.23427737040603636
0.12471330457050445
-0.0077404260795688185
-0.40033109604103
0.033960177619486664
-0.3523838189170475
-0.3484706803521074
-0.005968660757960653
0.2441238425159008
-0.16255083229773637
0.04271923711818493
0.14645005279551826
-0.424178146712861
-0.08949934556638228
0.3064461516154081
-0.34352430103763953
-0.3472248084180548
0.06176593121548035
0.057288126401682904
0.14728556278007632
0.042532709239677446
0.06968207269382054
-0.3620137917034776
-0.10786100623056405
0.08625116681839229
0.43964807927772953
-0.31668054190806916
0.4592723789145925
-0.3916990681406236
-0.3405102778368012
0.33606742793823374
-0.4202139120030526
-0.20820952026410555
0.1313897845011306
9.507109279977E-4
0.15075708059434656
-0.33261347643252726
-0.09318954083787312
0.42093948372809387
0.19377642192775335
-0.33290673494002465
0.17607488042917507
0.05262995387648861
0.2733235178817006
0.13953874357528395
0.005555067240217926
-0.3521439880049484
0.14940893342306616
0.025645347971270605
-0.3348409711814381
-0.2286258318204919
0.35570893938686743
-0.30280926599168567
-0.13548350606272797
-0.022702760532637756
-0.3339944720775443
-0.02969407116024758
-0.28614908307231957
-0.328872586433289
-0.0977368557360031
0.09699952339960083
-0.44367202404704964
0.036777885701812174
-0.1841954400965199
-0.04653722651445247
-0.38112373834111213
0.43342027764193225
-0.03128833655418839
0.3240210851430415
0.041226331438524055
0.2201889202499987
0.3878281667223815
-0.32167993415519247
0.38237649933612583
0.3459320257431687
0.3000409117825078
0.47378943003743446
0.24362688875080984
0.1560654016635541
-0.40630037261114027
-0.14463534410187973
0.3415019842132637
0.06186394168921994
0.452169056904433
0.1900395896911068
0.41643971051281004
-0.329658718235591
0.07030339743184288
0.4257606492501642
0.49642854716700835
-0.40595109394061013
-0.26191929878333975
-0.34437843824000125
0.07979456108052652
0.23873402665946242
0.1392851781609058
-0.011446022033403835
-0.419245131219365
0.1312495271769143
-0.3148451785245797
-0.34024068085577686
-0.3736734598039825
-0.2758520836560868
0.36405068961537523
0.004262511603173036
0.35846550934821186
-0.005426146308618596
0.32339591160692105
0.2893342443480037
0.1693694656928898
-0.3822279633464114
-0.12313407026549894
-0.35356760111641683
0.09873311123122042
-0.44976269554532766
-0.28532421566450816
-0.16247481717158574
-0.37393093614863804
-0.28333512723245236
-0.28507060573328413
-0.4578279920917814
0.25778392969848907
-0.33935423012243937
-0.09692855989111093
0.4482131080777523
0.3604557258043024
0.36764432835765737
0.2795498381566708
0.15880813578050312
-0.27563699303211386
-0.15073475015898707
0.18075286377241384
-0.03087878190613169
-0.004473675584686365
-0.38101533821719424
0.2356413492903051
-0.22914943982540548
-0.24514963855883054
0.2361839400546376
-0.17410996782726984
0.0913734290046051
-0.29825045832119235
0.39136727152644957
0.033113347254379866
-0.3411075405449351
-0.11356283815342116
-0.18092625006419705
-0.32393345555484754
0.47275462651223843
-0.22117844846991985
-0.27952332246849587
-0.017057649181681178
0.4982948435939111
-0.2750863937187251
0.24859709890911053
0.2449795736520044
0.03007069126403128
-0.4002756411422279
0.07853587516260774
0.28684605934909146
-0.1925526309296528
0.3958854364447335
0.4704518829811104
-0.004724876421978386
0.3259008402654361
0.3975176602906296
0.08020565892864029
-0.33115711765775113
0.4433508613279581
-0.050424508628969966
-0.23582765120234106
-0.316155173066621
-0.4661297636496995
-0.4434731808584692
0.10925401230421461
-0.4325953797766432
-0.3203731181188386
0.16884237226043397
0.0058261488458491995
0.43337423454521473
-0.13604812417672496
0.11959060567796254
-0.08947070616481212
-0.468775957166765
-0.1482406683644788
-0.012873876785262195
0.43881143574126147
0.4116614161161035
-0.12416443558163093
-0.33043893375850675
-0.3196970208039047
-0.14328581598728563
-0.10401320363401101
0.12161919417002742
0.072830919676941
0.15749164575408614
-0.12700864952911106
0.3713301193145494
-0.3135907060914914
0.22880907987907617
0.4110191119739369
0.2595997840035298
0.09877857450451255
-0.45577199880607044
-0.09595611880811783
0.1616649900645244
0.221853783220615
-0.49807906983611516
0.33664757523274336
-0.43553429244151987
-0.4568525837720414
-0.28424223944363114
-0.21691870489880904
0.08028520467587807
0.08981448480578014
0.10760621590771602
0.19725814426555754
-0.12094955767650317
-0.3786502443876457
-0.11758065765381798
0.42090296605085586
0.18868448462368492
0.35738172631969867
0.28939220502175855
-0.1002805586287322
0.20752446113197875
-0.3610007395582916
