0.07128778354722853
-0.24479844326352262
0.27237053907026343
-0.18511507409476402
-0.33506543014352874
0.2288103961382284
0.23146818871175456
-0.0736978819585784
-0.1575149252122645
0.25691867781208666
-0.0663913348862819
-0.4718458070356929
-0.24152789885910775
0.30991582022524067
0.06946844241583161
-0.32146093704914835
0.13495386962712785
0.3272100253342981
-0.2995297714530921
0.20650022669624457
0.16810655991891854
-0.2762109300997285
0.1805831242431355
0.24728770939086964
0.43646198150145177
-0.21905898109275845
-0.1353656138596594
-0.169443273795023
-0.11239707365508822
0.1270981904499019
-0.005113261520042212
-0.4536854592283093
0.024074563977287022
0.12902520034686382
-0.34529439508079063
0.0058091897380604385
-0.3905350392215102
-0.4659201500470972
-0.1685386500748871
0.41318661284777103
-0.4279462957848955
-0.36896636544361705
0.44038115304439673
0.06862529513017801
0.2961222455005702
-0.47005415171175435
-0.37311357549402624
0.034790479051954204
0.15996565280938757
-0.09915607548616312
-0.21297888405056054
-0.48416716669967463
0.004840249882363201
-0.34353020200374595
-0.47610286596472307
-0.2782107691846981
0.20052678546417635
-0.38388999851137184
0.19265292819310476
0.1211261109817463
0.11088500806693857
0.14553545289683079
-0.22275755312125645
0.020298675222448215
0.056719499996113365
0.13233400434086973
-0.41055923881636736
0.35158220452497213
0.3234732419890599
0.42642737433243794
-0.31622590838972564
0.39906406350779766
0.36770956880674643
0.05232131216288449
-0.05834822041395993
-0.05243153475923412
0.13903949644116975
0.08264582072169535
0.4937977824799875
4.1847469879041643E-4
0.3530958150400395
0.05180042409627372
-0.47784970052746634
-0.22067773675744606
-0.3736486202184588
0.1840266173465015
-0.4892821540740765
0.19330433496678
-0.38497627057560635
-0.4880117188026687
-0.30054932361488607
0.3434843181010824
-0.31199585828364806
0.16994755678241524
-0.1639933853970552
-0.0833609347669595
0.20769390346571193
-0.24011707465010634
0.3173609174953148
-0.4871329273425419
0.1928260766324662
-0.29059757782867046
0.4665297654125542
0.05130615132593097
-0.006203036953966068
-0.03293570873592255
-7.523849378382463E-4
0.40273895911841195
-0.3762744407704114
0.2137239676793372
-0.2987412033561908
0.30905315822795687
-0.44259411445514496
0.007784706185031243
-0.04104612500167326
0.4669062298467801
0.13551144679773608
-0.07226292500130849
0.06440211128169915
0.37657754312450353
0.19285704926152913
-0.1728701141004274
0.1504011581205299
0.1868732094216241
0.16721781135088065
-0.22487669152194834
0.20198562592167768
0.30308179624355813
-0.26084855785174654
0.12003245615025104
-0.16209338896338155
-0.03263747137772521
0.003464221872651163
0.3837781547951409
0.4589144095996234
0.3695790696720026
0.2794070284547463
0.37191827395464894
-0.08075308399591974
0.10147653218684727
-0.0706169460249928
-0.033057822793410074
0.09354668175785308
-0.07176951213833371
-0.02510635185994803
-0.43823236990647485
-0.4165000538602198
-0.08121915269519253
-0.12635512413758054
-0.01411250305103895
0.33681096585130255
-0.05000449882360336
-0.4468182617747728
0.0783721958614787
0.13569557569064328
0.47959174427839224
-0.31588673875740136
-0.2300596673631724
-0.24710178789776016
0.2688764687427555
0.21993606467782778
-0.3494310912753509
0.07030670077707257
0.4287483284665272
0.4306601749338569
-0.4803783415675851
-0.3914402619383107
-0.23896122019846278
0.013885582638597627
0.3422322336738344
-0.27438800831781984
-0.12784925953937232
0.3796733637665288
0.36868646596351773
0.20804243540748169
-0.05291253114528438
-0.1254989021309848
-0.0871939827307151
0.10096137994455556
0.3893458282890224
-0.4652132132301722
0.4308433554880746
0.4006924269132366
-0.2442177477967945
-0.05808857745299212
0.09415602098826914
-0.33102438493686503
-0.4545585388511961
-0.11163452001133833
0.006935529877979962
-0.28174163875212965
0.4374713972776648
-0.14141030916109176
-0.4154753138522077
0.264711244249182
-0.4843694613200893
-0.22172384930789668
0.37836437302813164
-0.15107420968974283
-0.1344737295986671
0.09234092225573187
-0.18963102885559335
0.38382207436246385
-0.3143937100366573
-0.005525498562728326
-0.1374628592512901
0.40511367519760677
-0.2859424221158381
-0.4498778966589173
-0.24313704515547407
0.47174856632417983
0.3411498939065708
-0.4700591753805261
0.056119595569399494
0.19206430904998995
0.2501946617994969
0.002226032160956737
0.41784609902124537
0.035966213693144455
-0.18982843928737492
0.12049492012643159
0.4418752848769034
0.4342580232445451
-0.27079102289872814
0.08636011418636202
-0.33400133749459526
-0.33667577096208456
-0.3295132159012403
-0.03197824993242826
-0.21512766893263802
-0.333316131675753
-0.36923700032573403
-0.08884834048716861
-0.40597475809671757
0.2745060591779428
-0.11339165483236835
0.29163884594330014
-0.006160753129486718
0.24799742006793413
0.2245659676468711
-0.4713896738846364
-0.37237185238450465
0.19764237492359582
-0.011164036138593847
-0.39866297621372926
0.3734508754952043
-0.29740294145133117
0.20371759380020682
-0.2049202715305548
-0.03894865585966856
-0.10689159343456522
-0.3420755454267893
-0.1613746593168175
0.4433258271920604
0.3486499972469954
0.3740209949408385
0.3902087891814623
0.115976417526932
0.4115365166117402
0.32861167834932015
-0.221288189043787
-0.2504835849746275
-0.08090070169253594
-0.36245386746687025
0.013474458078387097
-0.32544785912284213
-0.08292466286771472
-0.3247122184441561
0.33875097187481407
0.3442727818249758
0.1326829349381451
-0.24127513110254728
0.02778693519358899
0.4873382141424639
-0.14207319720838074
0.09308658876020814
-0.31331045849450434
-0.1401380396601405
0.4219965617245973
-0.3487407016512637
0.06970873152601298
-0.09305493051041758
-0.38380780913699186
-0.46231915913312327
0.2952416236487724
0.35222352131137646
0.2756307036807285
0.17412394349151517
0.3958186071520293
-0.1518493462425321
-0.2809414783419538
0.3370620046965722
0.3355243075901292
0.3402427973569543
-0.09858581872979955
-0.32505617377675244
-0.015248048464807096
-0.27472462852585444
-0.0566433532700823
-0.16141345378588035
0.0548854975937888
-0.283576923388146
0.16779450457256107
-0.23097113789896673
-0.3355514959478132
-0.43240307302963743
-0.10447809110125295
0.004569207329656599
0.033454544194655655
0.45473798498787754
0.030386912266725075
0.09234668448104788
-0.2158609831669096
-0.13641450344995498
-0.10101081425524394
0.31970524553355895
0.4639475345689623
0.2914452349297312
-0.09927698042601829
0.016714324734081742
0.2006017504836669
-0.06525863586476999
0.27105311866127746
-0.3763978311607541
-0.15074196989417166
-0.19535682440521385
-0.3357696589487791
-0.43450939092265817
-0.4017795132558031
-0.11018433258768645
0.32122478031980173
-0.26829699274940166
-0.23763513740889997
-0.4316489384333796
0.3044742856759054
0.018050197514804522
