-0.41058210857212496
-0.03333460915191036
0.354066543316066
-0.008379922309353461
-0.2639577988709113
0.3032864282458489
0.009708651691482119
-0.3028832971667775
0.2755941267326471
-0.3682918555483655
0.4069264898924057
0.34350425789403166
0.4648683842489902
-0.4433127617144296
0.09188058844337652
0.30710623694593137
-0.07908093129652279
0.012929445755922381
-0.03163333313523469
-0.4082359151295352
0.062490377329273
-0.48895124662601125
0.25374996702295394
-0.3244082998340154
-0.03769345066830926
-0.15086525667916467
0.011248439559478497
-0.08555648097159191
-0.2719589004101985
0.07138578263968105
-0.10896302514266282
-0.49818477919820836
-0.08577847355415667
-0.03263268417236567
-0.40393222112988364
-0.3417007639677304
-0.05130260392900819
0.18121504690958065
0.21518956792557495
-0.26322932902469404
-0.15160404195972602
-0.2329037445218829
-0.26244646533279536
-0.12875876488550964
0.2928702626285432
0.43803645271383207
-0.035562730933248236
-0.4867050788771583
-0.3183829025265236
-0.41716214462007056
0.44825016829022774
-0.45343897577415293
-0.061106211487852655
-0.28457051450017035
0.08011804574704545
0.5058006105659332
-0.02874012291783224
-0.2180274125993227
0.30565960261923975
-0.3200635258848002
-0.4745888631530042
-0.3812517094646889
0.14134762864156467
0.04612918431913299
-0.48547145434738653
-0.31639623945032014
0.1590524393749502
-0.32418330326912304
-0.10569574388778064
0.38465341545362675
0.33816721912955255
0.37732332798719637
0.26003657856818346
0.05224992353870034
-0.49601845189806265
-0.36256126139719064
-0.4212147084174053
-0.13011772408822603
0.2322735292043262
-0.07960223807917352
0.06740416575494253
-0.16247128385337578
0.2349568500335193
-0.4129757833127141
0.1376364114634437
-0.0556156161464272
0.42626308523778084
0.3057338861352651
0.30818910989662834
-0.24270377932692602
0.09066850134019291
0.40445914980528425
0.3068997439323257
0.22250270926792595
0.19713223095478918
-0.26341787479412027
0.12403536815627374
-0.3221950862165748
-0.35096107332690524
0.0365663866486684
0.09480920968774033
0.38164892589111865
0.26658691522944816
-0.36596597257659114
0.18619415386631527
0.36770112912463787
-0.5362686653801974
0.19665689918003415
-0.1202919331936285
0.3060705160397029
-0.21485859546392694
0.3920347515848277
0.12743177316584978
-0.2492854757362206
0.07775074411320304
-0.21354826445848402
-0.33453409397099104
0.44381427588471445
0.0903609093999527
-0.4668844080413584
-0.3026373423676321
0.18805332267309427
-0.11523702091263599
0.167207511829949
0.3447592539821434
0.4650771079832465
0.003489665518309183
0.3112234792080455
0.36293430058773263
0.05118287952496251
-0.02112026953051613
-0.227812471025973
0.028529778635920086
-0.3843819278559825
0.04967081238063391
-0.16189357265149684
-0.32754972338413346
-0.3996004604565236
0.4632119524235078
-0.012445944820557175
0.2607174600415311
-0.145717714668697
0.06285900083907839
0.3492031002515091
-0.3395018843810832
0.2547559896898471
0.27832427244096286
0.3306354587539481
0.29225075290099056
-0.42807043816121354
0.20399614410003783
0.4340242873573668
0.27553571612966815
0.32102898688407866
-0.492643682281175
-0.36587261866908244
0.41588852707627205
0.14071122329453464
0.15081653407407755
-0.4512768789481548
-0.4252965324352761
-0.09121078431770421
0.1638117465158546
0.14938570216692076
0.04662944810589115
0.3672359758199156
0.1981693298063136
0.40005901900639157
0.12821550500212228
0.4486742258128511
-0.270704555559668
0.31867128059206634
0.3726612766246253
0.43787617836965526
0.2904741655690589
-0.2281528873062834
0.3049221789657337
-0.17018299072336002
-0.07938547127313196
-0.4105049694661261
0.2713540747828367
-0.2896465861363401
0.25892183941822466
-0.011403268820144443
0.41045391357342037
0.32408584946489316
-0.0022020264018207695
-0.07183648377613135
0.05394839380054993
0.009914622639122683
-0.22748947213302184
0.3338608184845222
-0.3812316501465635
-0.1640715891875594
0.3380258619772903
-0.10479260304646786
-0.3054191001425488
0.35109320002236255
0.12288145856934832
-0.039630596722629925
-0.23109350035766968
0.06218427807136685
0.1204125709663866
-0.3343299284694466
0.18201870887394747
0.35759514457437813
-0.3402005021193127
-0.16138547427873529
-0.38649553387083063
-0.22996255028125012
-0.2808707075987416
0.3780998811845622
0.024227744471250794
0.05737991957165836
0.08909165984986088
-0.3016401093710888
0.24938493682225657
0.09757746529213503
0.326191398871273
-0.0776379003059732
0.4801297321257028
0.06159338796758046
0.31868832307507217
0.06400732241352645
0.49208183211092
-0.22509212550878782
-0.20956257763613606
-0.294101215648016
0.41683333136455764
-0.3368872730680825
-0.16252773624830502
0.15892065136141592
-0.4115537626324894
0.40372202217210124
0.06192344307850302
-0.38014108457829515
0.12146294160631728
0.3334054084810749
-0.028614621164318784
0.10693906587018447
0.19310655415913194
0.2862038459035173
-0.2156535728237172
-0.2355877883788957
-0.165564754685055
-0.3386656855432661
-0.031079567049522066
0.42757932617425665
0.2404759796727678
-0.44414838960909914
-0.022166861200695876
-0.2955692081141508
0.4678490666600108
-0.13623873792972788
-0.1277175436971469
0.026349704992786327
0.1904350986952228
0.0755821228234926
0.05093240634293561
0.010491779648458162
-0.4406762198262572
-0.019827221701971494
-0.31423382744882583
0.49809902119730465
0.020275365955010095
-0.18246103157936217
-0.1773240755180225
-0.14128742814501172
-0.20190284387910715
0.3385695232801729
0.1363510374207405
0.028016006780331306
0.29798703324384207
0.07929017177720239
0.055836801555188616
0.04270742858187133
0.018516687574937445
-0.3177422805394103
-0.4534057880409553
0.4051871266735745
0.3122140809889244
0.3114105762355807
0.16773690329155141
0.47281647574193064
0.21515137546248103
0.2699371622631097
-0.16675520873576852
0.5367979842654144
-0.18103166661463665
0.1021884148245786
0.00324649388381197
0.3502979058271893
-0.027551646828274046
-0.4100095245183788
0.07014629861159444
-0.2007135312988704
-0.10051658944529525
0.1649553783331628
0.38916577468409186
-0.44829904854937774
-0.09601230813223645
-0.07588445677879788
0.39091844574756346
-0.16335981412763456
0.14057985957363445
0.32524253994339086
0.315245415943007
-0.10082886474595507
-0.15884183341845046
-0.5051287092472154
0.40950473805858506
-0.38023237542583765
0.4194690462551506
0.4043201671381739
-0.24094943902732802
0.019079938391089284
0.05086895661396054
0.4853990995019566
-0.07962119673564749
0.033659206843239586
0.4383301222933296
0.2744948046308868
0.47479448250619344
-0.007036438291215739
0.12005086255996875
0.14137636019167998
0.06077276656826586
0.30328948428081026
-0.24201225604716736
0.28576743780872055
-0.11874415108716994
0.3725750932446239
-0.24393585072314442
-0.20966062543138048
-0.509819808823041
-0.11756096064743397
0.0416798435164665
-0.20043719774261895
0.23772285413398908
-0.32625628815415103
0.3292262721386189
-0.004907281265888365
0.4681263116123523
0.3797511863101104
-0.19132679864082672
0.03862266924353489
0.02387592271945678
-0.2834567643663023
0.006218765575274805
0.05068377985712617
0.4065110493206016
-0.1734889341880864
0.29379712983744716
-0.3922714557484597
0.17001761296394535
0.19895590392568888
0.0048817278072526525
-0.4244168845969668
-0.009260712749302806
-0.15892074165700668
