-0.027853900583745372
-0.2783067069906966
-0.16626524698340672
-0.3830790642398002
-0.051782494795708955
-0.42702248537215803
-0.3938442429071797
-0.33798219435492616
-0.478333317067152
0.27380255691871114
-0.29010043438971367
0.18319371268412288
-0.039169447019802406
-0.3425049360018664
0.15081812643233505
-0.4285469071124067
-0.4329158971309893
0.3153871092038827
0.26668899886436936
-0.2950897064381707
0.0336444917071661
0.4225817324315545
0.12427181162284184
-0.46500794231936193
-0.26170981618365774
-0.4358542764620835
0.4631697225104333
-0.018603155377957536
0.39352403577934336
0.4732768443385581
0.4903101203878185
-0.1542351463215751
0.16052259885383235
-0.05209820535765597
0.05659248658254212
0.06840816178812104
0.38400781750960966
0.15870092946850278
-0.37376358620763694
0.43045065072362065
0.23184696752049927
0.3873722552356075
0.17152540887939272
-0.40341494050489357
0.093274443190829
-0.1533861433230057
0.31254112972875814
0.1035901464192932
-0.33984049009816897
-0.49675570899244814
-0.34294028204361227
0.03981799490346971
-0.26015609252914973
-0.45149697658523513
-0.021865211570798904
0.3935986621107479
0.30954968382418124
0.32578010003373625
-0.11399125343550875
-0.10023601947620986
0.14989988949738398
-0.39934736185154773
-0.004126276428281228
-0.2146062653144588
0.36862050600883245
0.17648960702659444
-0.47760934662054844
0.42905880435616783
0.0511661280104686
0.0258007256442796
0.00974411389750951
0.1937474676319375
-0.10527635337219299
0.4897063630659
-0.04833532909012117
0.17356362210059928
0.09998636269972616
0.47964588994603485
0.49071906431624734
0.4469699808342673
0.46804012012125995
-0.21331289399436426
-0.11459916846141271
0.09243260971493827
0.13263983747960673
-0.03035579402568067
-0.45200778755116144
-0.2779181325762985
0.0443957062464313
-0.18893855182412234
0.2730327526891514
-0.057968979067126836
0.42427315796077625
-0.08601313693396928
-0.3162963411373597
-0.230398561352127
0.13018317515323963
0.09437348485563701
-0.35838027287512064
-0.35981504717034973
-0.2926286348926793
0.3088593369718011
0.41240857535976627
-0.3200976310559497
0.4083829903306273
0.4685361234647504
-0.24306036491074057
0.39574321943105484
-0.3217285473286129
-0.030792506358777505
-0.4752163953149092
-0.4475025838596939
0.14784809242205132
-0.48168617073931175
-0.2755360962037413
0.3312654982235971
0.126940758576091
-0.4568038155744606
-0.4705348976223991
0.10034367285957746
-0.12308383325675198
-0.37445871310286916
0.39502896751108896
0.06555096217062562
-0.45659946804736906
0.22355847364900017
0.35100873020067724
0.4983253399454014
-0.1224167514388701
-0.4990763092611892
0.14800068420969326
-0.3161054126137425
0.26761789356302634
-0.3049697229880882
-0.19950874958825038
0.3983564621721971
0.03230013548506916
-0.10743239857937381
-0.201297928307117
-0.35228192160422156
-0.10888469532335021
0.33577037639986074
-0.02611119222710445
-0.042860977525450594
0.017912491806245323
0.24563026796191145
0.30663751164493325
0.3969163969588565
-0.047554147885560116
0.09536503804341168
0.04148908731727763
-0.3218884367597016
0.12191126207115222
-0.4737378943659065
-0.19815717241376496
-0.3962677254970779
0.10124109852890162
-0.47448830820433585
-0.21449694188183677
0.07139302342844689
0.07041668682708802
0.4324737375203419
0.08090792231150012
0.35034413659710895
0.24118753898606682
0.3188457045322346
-0.47919145533727814
-0.20091834380610663
-0.18496045311083098
0.4127046754364767
-0.24153030004686848
0.0968825431070729
0.2284216235006914
-0.4032059248651543
-0.27210891501855095
-0.21279275849160217
0.4525114455839252
-0.1999601673107474
-0.09827673598972175
-0.19704209406456796
-0.0683339542883521
0.014864542703988959
-0.08449576229003253
0.279078358308956
-0.13607024527372025
0.10849432812764426
0.4792874036956726
-0.05866246797999786
-0.47343661997222175
-0.09061540414086011
-0.3742749759858076
0.04084712132883106
-0.3319957757605393
0.19973999056446656
-0.033904617648959134
-0.07151630913645002
-0.2614029175110614
0.2185946608543946
0.14507861575680392
-0.46062618903077046
0.41346335275340107
0.4153879301266007
-0.39444469690698625
-0.1297596512413235
0.32624708085731813
0.49914644888323645
0.3822628686016062
-0.24723021810423707
-0.44962139125397804
-0.08092311914952632
-0.24601041607167784
0.08212927565324657
-0.2536889743749784
-0.2522696302286529
-0.14099450185778017
0.3989096498998753
-0.07937684396686695
-0.3445068290477816
-0.3598435554423337
0.35627564880291607
0.2904321870633697
-0.07966310506947483
-0.142029745731015
-0.41973218549153957
-0.1114328920265979
-0.09195218015483797
-0.45031701389616685
-0.04476521805825373
0.21054875129614337
0.48570405696126073
0.49331175013965956
-0.013645419461857489
0.0014718175983357007
0.36204703664585414
0.33126632570303904
0.3242068241466819
-0.027524696724034015
0.3296332768750131
-0.4794369817562797
-0.10504414422056274
0.24347771270003427
-0.116224038353683
-0.19045399770210258
-0.49568678938151767
0.11921332786233774
0.3676458268211721
-0.41418304021814145
0.47006502668294436
-0.1991118083650255
-0.0686984457573322
0.49106238575276306
0.31408671921562203
-0.196905352141575
-0.04390078440034395
0.3023630849134886
0.29074097367565443
-0.4205978218248615
0.32156000130076745
-0.05861019294157477
0.07029406449614639
0.13384389185149892
-0.24085005741334775
0.025064685156080402
0.04121563691051067
-0.41253143779652
0.49080328574286314
0.25213584829722313
0.4667965609040735
-0.29665327811954934
-0.3827546010043221
0.008732564216378358
0.15693463641540584
0.23449996911672455
0.29184557609610695
-0.10873068103283667
-0.3858789849562657
0.25957937610837123
0.4026844431426717
0.49803529635201527
-0.3375534201155216
-0.2665600375197711
-0.06518612435555715
-0.4952757630045913
0.14607727279017002
0.13370666569405754
0.2906750922717424
0.13973681488427625
-0.005959205012929458
-0.25081753022748343
0.09781687133128103
0.21579758047583952
0.023416685593770747
0.41782830768683654
0.034232516070205166
0.054436148381231564
0.2704389534695638
-0.25309792371215767
0.43249389440413033
-0.4074317662571626
0.2664139953908621
-0.16359117421605074
0.21880826110248075
-0.34527673429233185
0.3303984396831574
0.31082722051148726
0.15323766858245702
-0.05026234115170969
-0.24199122312873078
-0.36437698931785045
-0.1376169547214422
0.057628927629386206
-0.4835102542817673
0.044079488021122826
-0.02970389170940302
0.3915042381806144
0.21136084697599034
-0.019940366595499914
-0.0719891342540927
-0.38722500244092584
-0.21782350310726617
0.14264661262433465
-0.041227736811674576
0.4931571547984247
0.47456425732431595
-0.20117240960182248
0.11399504760722368
0.49851648725637254
0.49220003741384055
0.07655668626791956
0.0029265688811976887
0.22407092186352717
-0.28723519136941067
-0.2828217446971375
-0.14164566002701762
-0.33541714311072657
0.09280524738137563
-0.1898917054981406
-0.29955198577045805
0.14157253675944792
-0.281177858210249
0.20089824586607952
-0.31394652483820795
0.47111523369397623
-0.14875398671700468
0.2830056690784132
0.41467691074239454
-0.08638760158151426
0.4408696902470681
0.21052145925083188
0.1920799957947863
-0.10407396695670201
0.2542493401904349
-0.3723465338814308
-0.39926169042148707
0.36892990034186723
-0.11216996967785886
0.47662951479230375
-0.07524800810720023
-0.07674123468739957
0.043198059848740034
-0.1051891526757266
-0.2455034300465092
-0.04240396449750805
-0.19192723026912428
0.3974338764344455
0.01103367965646751
0.4438273046643165
0.04234747963640095
-0.020409048449149814
-0.31254239997437616
-0.05246665861444044
-0.020284138568467225
0.05298596764475649
-0.4709545659603007
-0.23422439440406229
0.1525385580463572
0.3243004003581762
0.04809647923578453
0.2939973122377383
0.03373725092830604
0.43259163015157776
-0.35044899968838883
0.4004474443728525
-0.29272132791190575
-0.3783440504799417
-0.1580937139130313
-0.08058303534526934
0.16501342172549438
-0.009028276827086512
-0.00881727835898316
0.1991099910866594
-0.2357640665846389
0.10299199430309536
-0.306402202591303
0.40448760758104196
0.3722569371182657
0.04943216624676905
-0.05843377730924226
0.07812066893857361
0.27968423802576403
0.3780775529231356
0.2656413413810309
-0.25786183953263986
-0.24762768150002612
0.04435691124762231
0.37276374985572724
0.2876358987432497
-0.26636520968286137
0.40244487813614693
0.43097246122264077
-0.09687389325242202
0.1742668205491934
-0.26999798306773415
-0.3801879077655741
0.36540801151724367
-0.34681025392510423
-0.22503884813390695
-0.15859601121374123
-0.2599585839437092
-0.4938742648433211
-0.48568381473213496
0.3875113039113446
0.14193628330567842
0.12785057326859106
0.11816319913206774
-0.3870574998900901
-0.15680543391071167
-0.08622672535475251
-0.1873576817205186
-0.15806295922320746
-0.36653757067644677
-0.17667286140671845
0.1470141700053773
0.020488892490287958
0.2588451377987133
-0.31608649017722545
-0.4468942588327407
-0.13874735025991758
0.29918914074830727
-0.4075187689582416
-0.3371467563910361
0.1449986320733735
0.11920202132559587
-0.4058095887124855
-0.21436542182399632
0.1524121032114366
-0.29372588267053856
-0.4000555089212273
-0.46057663113040526
-0.2694732116938553
0.1495974547090484
0.09051343223659469
-0.46379972157283345
0.3039048698825212
-0.14376118080710099
-0.1973020775279839
0.3467559851975611
-0.4313659638670927
-0.039890486028759886
0.033282700027789214
0.4049348989908964
0.4625879652782181
-0.3214279668619715
0.21395344979948705
0.13723987822055495
-0.03882119696141073
-0.13026134096726816
0.09571642831096616
-0.3390621042267552
-0.430355159749234
-0.060188500929767685
0.24499305287904227
0.2607403207336141
0.18237508433030447
-0.13984845454128148
0.012583861087416048
-0.45797674451051773
0.46462522855649224
-0.410400247280874
-0.30290109189948766
0.2605623803053456
-0.009162892070369022
0.06624238750256362
-8.736745695520076E-4
-0.3948517675234816
0.08895795292782072
-0.424052790300549
0.05597421988011597
-0.15766176893324546
-0.12964256945145514
-0.1620028981325513
0.39230202367956124
-0.09633496447699208
-0.46736841009398156
-0.1047596906815692
-0.01263951191944479
-0.012609593518086215
-0.17918360355842744
0.16071722900690966
0.41589209899443946
0.4994485756135376
0.09640597094270487
-0.4088989755398923
-0.3554399731715452
0.06273561037195408
-0.2327508588407965
0.4043592037121133
0.3164544860046129
0.04420772057078748
-0.4820643136483993
-0.08893513348741111
0.3247977757897932
0.010311713904442632
0.24646561300865455
0.2757855355452743
-0.3051402315441354
0.23489157751954226
0.4517425667746946
-0.33975983228239115
-0.4481843282509599
0.2966209915750736
-0.020752413933834757
0.3451266566171164
0.018867993589567034
-0.08727347591786383
0.08250911756047796
-0.06131890532921036
-0.07140798768357792
-0.4269258850927703
0.07227002556697859
-0.016350827343657226
-0.1718565699889253
0.09876015399376925
-0.017797536308385986
-0.29269095498480635
0.269004097847956
-0.2704370257984233
0.2884103308627366
-0.2305905208891088
0.05939841057618134
-0.013142633153813144
0.33413118768088346
0.3630051133416077
-0.22914228735366604
0.08799519453929461
-0.1935054086907776
-0.059031828158272015
-0.2937709336786952
-0.31242722284833846
0.10739165537026762
-0.2390408835855078
0.367801877060562
0.32542140104005346
-0.1321336701065715
-0.23118947455303207
-0.13679870077841927
0.20755676216018826
0.14672320953166906
-0.4521171957566801
0.20135980920667118
0.32715908627551027
-0.4327473726933696
-0.2797054522145256
0.14138597130303499
0.25010978946059814
0.042544068644976174
0.4502920314101426
-0.07661401952279268
-0.29989062115228315
-0.41806888189741154
-0.32433988208811815
0.30057556049167244
-0.15701695724705445
-0.3370222003954363
-0.41241482800596196
-0.18197044052034705
-0.2286965326684115
0.2929204487085735
-0.33323100894925206
-0.33457462341367106
0.205776271991149
-0.39808393421214916
-0.3469496696348088
-0.3454377396892374
0.4570338044200265
0.214425340224203
-0.4997919470580421
0.12445390539138879
-0.07228285016158009
0.05478473966711028
-0.0405368301020359
-0.3881169534605161
-0.24997233275046782
0.453719541041781
-0.4548216452776701
0.290674330007486
0.09298590404952722
0.10268558146091533
-0.31183722593860974
0.46448191103872205
0.16189634233675054
0.19750656341805295
0.24560769424239193
-0.2693042662022783
-0.34978080488456653
-0.16595034644303164
0.21616655997083478
-0.1507137625006051
0.05558186941170484
-0.2666365534533075
0.48961272434121494
0.18416556595139677
-0.20524481234537706
0.21330296568485985
-0.23704414348626368
-0.17754795399429502
0.3496714600478422
0.3226980886866886
-0.3189241354093034
-0.29904283748886384
-0.03385478372437911
0.3965604829818259
0.2505048765559368
-0.06930913324537569
