0.46577457439651804
-3.075450981488981E-4
0.19038347557612323
-0.39312590107587253
0.07324932107354765
0.1303309766002474
0.07852493946933112
0.14410961961897295
-0.1664966183218016
0.09257201766356526
0.13725296195592074
-0.17739036431532607
0.38738639115610257
0.27948521057183184
-0.011383534285295907
-0.14541560639960227
0.3574549984784776
-0.40411069339105055
0.1376722636992731
-0.4952142847046461
-0.36004142163902375
-0.0909506133134198
0.4120202495427481
0.49075101725246484
-0.17770517420694593
-0.3735498258590222
-0.4778833991431162
0.3741957477734541
-0.30048262588436714
0.28715077092995833
0.28326260787291013
-0.24561034787979263
-0.28823066590724156
-0.4579636294686652
-0.38248390490336515
0.46066510078854794
0.2895436677920738
0.3247110907013241
-0.27043573121544123
0.39269584091189946
-0.4203260163052787
0.2253511171827811
0.38880418371542647
0.15391559109704506
0.09505386556897477
0.4870863155803299
-0.08777079547560093
0.422711294146343
-0.07545258413474898
-0.3366117918951246
0.3003838613523119
-0.306592176885777
-0.3760033140873853
0.16351535382674123
-0.10240694486863673
-0.3143838655486989
-0.43595392672206845
-0.15830490851359322
0.21066744895113437
0.4751417035146718
0.08210816244405786
0.23815534640191482
0.3351328386757601
-0.3623072562797113
-0.3518140912574477
0.37407390398973606
-0.39901989227511514
0.2751035587117098
0.030521221445501834
0.13818767672375987
-0.2665828775514044
-0.14116809110300366
0.16336210943969304
0.05164857991684857
0.3576683162974068
0.17971221891764722
-0.03812090624334641
-0.3532229652004305
-0.4428637731597539
0.44157418634491163
-0.21936295126838223
-0.03934931266028596
0.3841161313504283
0.36122901616200376
-0.4169819302759556
0.071510265030997
0.3719605602246464
-0.27096475586002633
-0.35295968528750005
-0.2410541801641958
0.43379935851530993
-0.494396113043404
0.07494811289422687
-0.2680676576653326
-0.20411054631976822
0.3388763663567653
0.1390589036236291
-0.3508700222310674
0.137611613825681
-0.39424177326123727
-0.14386324630956224
0.32369246010964103
0.37038159409021193
-0.08509999590591422
0.18792060752744905
-0.0719866336212338
-0.47820922893264756
0.35753101089300865
-0.04042987845698488
-0.44642591353043626
0.1388554264638935
0.04765166693629663
0.26932687019197726
0.26378622729284074
0.489395585719653
0.24941326585094573
0.14477174853946298
-0.39380284416104605
0.3995561607924712
-0.4089942715766634
-0.23399966810321068
-0.4832236719861336
0.1425738493806176
0.31838461719723343
-0.45798130131196313
-0.2980832650158126
0.43337928316943575
-0.4983883412916088
0.11267331479698536
-0.039695980917721974
-0.43246120119938536
-0.23469053489928557
-0.21518652733297874
0.07832441772635391
-0.1179251489915037
-0.2766832277374429
-0.16966204188643208
0.0028726400353060585
-0.19829564291610977
0.08865940524243118
0.2564413375454764
-0.29771395240491727
0.10945921302891448
-0.18815885352484352
0.1789113658791479
-0.4702377452461969
0.027429431355598832
0.43065272316824477
0.08655585501613666
-0.11802083027532961
0.14240724438225222
-0.1461393601514684
0.2630485182752419
0.16853435934206903
-0.3228872509525391
0.3216514046768165
-0.2174006028219424
-0.21064479791791846
-0.4519529754772631
-0.13480075371461975
-0.43411629635335575
-0.09270812847760874
-0.5156636831478125
-0.4891010898134769
-0.1747796109980046
-0.10400174024107384
0.43551967342969566
-0.20480140848307338
-0.44538093918986366
0.06395860285237161
0.334796773304627
-0.36278031554496876
0.2878500121254093
0.3422185392251602
0.38937302195003365
0.4803369319434051
0.458065052149242
0.011560196614587404
-0.27580758608304645
0.09546548403512511
-0.1869327744997438
0.1271509379402099
0.36481661779932817
-0.23135532686704216
-0.34912494005999295
0.4514484659941257
-0.01890663228679812
-0.4454986059366415
0.05610682686485863
0.32415967308874755
-0.4870354338935104
0.4456480209571724
0.3863396934293485
-0.33860478417431183
-0.3656269371495229
0.19281961179845764
0.031814405536286075
0.056462236291483434
0.2865578604750267
-0.4733245340177279
-0.4719119515894844
0.22823087169409154
-0.4425086983212603
-0.02515221561225401
-0.2683766236027455
-0.35384477398311454
0.23683755232340953
0.31114872471008775
-0.46664284829265046
-0.37065260028874114
0.11792522241014547
-0.3290582147383202
-0.12083857086268257
-0.020794630987056695
0.22048051210142905
-0.4726351894754782
0.2221203869472918
0.14632615854584818
0.024139173392115243
-0.28812783067651926
-0.10924939377791998
-0.2070601495546798
0.4724623737219563
0.3258338953090102
0.24864592640879754
-0.07239140590242656
0.41580898585190046
0.16181217789889857
0.2920516432651348
0.28769389824240377
-0.3410941242536977
-0.13606998637164447
-0.15781297512166959
-0.20483109966817636
0.36475875231179233
-0.23457264258293525
0.43606359810609174
0.4105529176228644
0.2997037017976096
-0.49325733528138704
-0.1371034242695124
0.49578609344660224
0.4983066656180264
0.4326034291944905
0.41278326387696673
0.2743662240024847
-0.11522233308602722
0.2213963358578959
-0.10458961242662734
-0.1358300278618945
0.015858656300101928
-0.32489347604568986
0.2330478140517439
-0.34776794230536434
-0.18962957673865144
-0.10193039535321546
0.3195704703227896
-0.009227527812351144
0.4559113628059501
-0.09030605570445727
-0.4915668513506741
-0.08782184585508213
-0.2186033843166387
0.21823654723600394
-0.2842481607805243
-0.10240358130525617
0.4395736017871025
-0.41828466458169494
0.41314782119615623
-0.2208254643613995
0.17498589353754332
0.19848318841633028
0.005380056114161669
-0.35874543147490945
0.06368031860807855
0.22168274298936097
-0.08739126313042278
0.005572552227886473
0.1522427701564518
0.029406609683211866
-0.07881662934681107
0.33243239872539243
-0.09118225457630202
-0.4167585469914462
0.019011692225856636
0.1316851965144703
-0.12973278171211824
0.2983332475551622
0.44353238363729464
0.14115287136115262
0.15525787849469774
-0.06849669295232227
0.0017525600139174727
-0.06100461656452982
0.12886133002282255
-0.26844941457152144
0.227448562024538
0.2643743963157117
0.4388837655353012
0.25528051536710195
-0.40124244737261006
-0.11335627112261282
0.2972414192574662
-0.1560592590520031
-0.28758249270243463
0.1812737565476767
0.11842340462044516
0.16546061493721684
0.2913409009609369
-0.12205362866222602
0.10149493135593668
0.46186794758911764
0.3595172253258132
-0.2356801776818901
-0.2911071544042285
0.3822147249387706
-0.21545951881802408
-0.14485748719636127
-0.36399776252292027
-0.044424465616834774
-0.36485791807672474
-0.14647662451089605
0.007337999618654889
0.18975539342801898
-0.24148675040627177
0.019846682870164445
-0.3194896487632416
0.18879583919226461
-0.17384540666846202
0.006880947980074881
-0.1991341581962507
0.3816755929385102
0.4604677022958582
0.3792608046513888
-0.10691631057117768
-0.05509417340809075
0.16868597228708504
-0.2156927049080961
-0.15457249053087055
0.2900660990250163
0.2302718183069531
-0.26330739221068145
-0.1253318045923605
-0.41370269340997556
-0.28140159480333665
0.2733552421518226
0.394253726141458
0.256566864870841
0.45212209561916794
0.16136547813472735
-0.43736167391064307
0.021151373329248005
-0.1816060540548512
-0.33354963857914494
-0.024789121038212736
-0.3587321217896201
-0.42072823057856135
0.42952846012167356
-0.07778224745191392
-0.09354694846535704
0.13565858652452256
-0.4938967028908726
0.05487405440083804
0.24679419692150317
-0.3046364007779649
-0.4742329628726465
0.35383500504138793
-0.22061380631706062
0.005617784647148968
0.4367052431141663
0.31960597711129185
0.2140585687348835
0.35213415775459334
0.3277534739839578
0.10612227771267468
-0.15472984704587311
-0.3562373205477503
-0.3098132108027256
0.3182576868036133
-0.2700958544941999
0.20203439224770978
0.27968329448844487
-0.1246956935108402
0.08689591731206858
-0.4158191892426848
0.28365831551165904
0.10217522032654798
-0.47552661151602865
-0.1739259943392951
0.1408436464749313
0.32884400500508604
-0.4481335443117369
0.363232348208668
-0.4264287741978482
0.15651440636091418
-0.3845271919199025
0.4629069304697628
0.17308582891822435
-0.0700564890939096
-0.3259236595310179
0.4516781006115456
-0.10444576697747066
-0.057801994680847166
0.4088749265375886
-0.19830215016961383
0.1659682828039415
-0.18645038049842694
0.37634691238199336
-0.3711528152366585
0.054641126202604064
0.0208452414172261
0.4570138447637644
0.240745892966036
-0.3311563181747593
0.3240168885650341
-0.03653528879660532
0.34508509698295176
-0.4616389498033051
0.12308590055053925
-0.19369674967246042
-0.2360935412852695
-0.4009052367790498
0.22897010856375988
-0.18050209119172891
0.2992620110938008
0.2359672066436711
0.3103684288978916
0.456923260199941
-0.47703328772343123
0.0482989742279194
0.36928877898023243
-0.4893915206350719
-0.23718984846568994
0.37854116001707283
0.26099655187680465
0.28812945845183846
0.12989599002691798
0.13044390678881945
0.30203660507201513
-0.025208826132814943
-0.3049324428084633
0.08963678774031081
-0.13489514683355364
0.48763977073216014
-0.17054991068619585
0.34424384186102486
0.11943473483633504
0.48793538571385253
-0.14801962952361147
0.4690304564051006
-0.08247437864330198
-0.44566745626911014
0.04830452600651055
-0.1578743038457161
-0.14073289665934907
-0.4241493190670692
-0.19069709315609065
-0.18143969074951055
-0.15823822127430145
0.21689923397508057
0.5399558245178915
0.2369872476187158
0.30640727396869943
-0.32268442310544476
0.3960393070052102
-0.13210120546536977
0.06084191510946635
-0.2357424076161483
-0.20587222405611116
-0.017469591086471392
0.0314697173487537
-0.4139419880955725
0.2343080315761382
0.49013087416262235
0.40784145964081286
-0.4046441779541393
0.1467622094168176
0.10921051008341187
0.36299804997245655
-0.4847866176038779
-0.37015456550868264
-0.2405368436159595
0.3710864760137176
0.1867846526569895
0.02126558633850184
0.23497178093988724
0.07792411195721423
0.1401868902365463
-0.3677597717088785
-0.2607685854682984
-0.34362710903460414
0.19492473256963377
-0.060079623487368616
-0.3990036997577605
0.17352787698493186
0.1852804352208406
0.48685724435725886
0.07558296720198865
0.3201928426427796
0.4026526774843824
-0.24634135802564228
0.25977837046079644
0.1615576090355926
0.18670720908728178
0.1529361203630814
0.11557271386795331
0.15594921028007958
-0.2800871726655802
-0.08490411160761538
0.4852551103506494
0.02318574678506702
-0.428794432952017
-0.35169659809734743
-0.025917089776059332
-0.13193108123001307
-0.4027265896325945
0.40707868673942477
0.19364017476122952
0.2032977802009064
0.21068051045583025
0.22608854419574687
-0.30417661002394136
-0.4711480551982701
0.28460175800981513
0.3652544800841324
0.3741048173582941
-0.4712672900644539
-0.4098587314870969
0.168914302287268
0.14945086565137433
0.30826415895343146
0.4304550236712461
-0.4466036310511625
-0.03131091541722028
-0.3526291537836728
0.3170857314682285
0.2286756373873699
-0.004764170905896314
0.12536228465563753
0.049224106150379754
0.4600704181591797
0.12244999951729396
0.43649209972123537
-0.14890487774302907
0.2803482558269713
-0.14211471356705452
-0.11838605769369748
0.14305863201720237
-0.4440112441162476
-0.035109585918042474
0.14055949368223472
-0.38574150075120184
0.11552471954118058
0.016015568210827946
-0.15044141589516108
-0.4738344780143626
-0.17898004812908785
0.28806535839240766
-0.28857733151842446
-0.17637914679916056
0.04085722698710903
-0.2723714492263801
0.0929876036244206
0.4368883138106876
-0.25404208869823774
0.39873479421800195
-0.016770845512706724
-0.436550803297053
-0.21090199086142153
0.1672201713388978
0.18137862537092492
0.42296508320705734
-0.464149622159558
-9.561445526817813E-5
-0.03838126728734201
0.03449970911794536
0.12682131519456852
-0.31585333684078465
0.305070955817511
0.4127561503674778
-0.25035942636322095
0.24961480441131365
-0.010110117548634818
-0.24349852454905455
-0.45409562744026793
-0.01988012733412281
-0.47302499677956256
-0.3659256925121619
-0.4500373438423124
0.29195919047969443
0.0015162066259942332
-0.4857308771557617
-0.09638128698517763
-0.1513975753388345
0.2404041005057037
-0.30204397372622316
0.1493338403870872
0.028128685561210953
-0.34044022834452214
0.16822671728612903
0.05158572627809521
0.040304530744185274
0.09598522201977852
-0.20193887577256853
0.17895320590274022
0.03375179549976792
0.46437334546544895
-0.2991500274040434
0.12907550164447745
0.046970670265838885
0.23851740193560422
-0.43285760859348676
-0.46564668684700505
-0.2934437503551545
0.2873668820216694
0.28460010553907
0.4133942987571357
-0.16535758985435034
-0.07935414894295723
-0.24768844370685839
0.1826866617417495
0.33293749094005043
-0.21661477166824072
0.42125440502725553
