-0.06893464110408565
0.1813728116403166
-0.34102285858598913
0.1458101892934276
-0.4260711870499121
-0.09212885464485387
-0.35216816218781943
-0.25971695530811634
0.23797227445194902
-0.09643586384084257
0.1476191169287443
-0.365656988138615
-0.4889197869764059
0.25493007931597045
-0.46587114919928363
0.31427761174819346
0.10347003911264907
-0.3111143076597678
0.3713423311464147
-0.11169825937080236
-0.19978521060377696
0.48318896338677764
-0.427275768961769
0.36720205707368114
0.31651111553806
0.19292503849733322
0.423588159094194
-0.294156963060486
-0.15143044946131945
0.21080585935892915
-0.28311461052102327
0.11789395168148187
-0.24148767092430345
0.4573342305713112
-0.02160020504374216
-0.34241820064922845
-0.11657846008287376
0.43145425217986577
0.3872140651179835
-0.3000296783206572
0.4166880284775818
0.4431291721388373
-0.4665540024310215
-0.25478893962097793
0.1740698717244189
0.09635904556596298
-0.4023647041216203
-0.07759336843731823
0.32737624035879354
-0.0055298007724426945
-0.11520442651286156
-0.3248268284633886
0.36545108433194884
0.19907923677430472
-0.09897248515559043
0.3736828358988121
0.12513845138584212
0.18995454370485076
0.3217234039041629
0.01691347270921184
0.2241688943478659
-0.05493177091238444
0.26777495251482364
-0.23597245170513426
0.12341480329790722
0.28845244031978656
0.2798296002950462
-0.2347523245596823
0.34771985512531023
-0.16195658515586053
0.26052369338938197
-0.34970844091882913
0.10251558061841726
-0.27348208395374174
0.440752736626004
0.07637438713270173
-0.36230381112903265
-0.2348039453780706
0.11842267932185413
-0.06201797372590223
0.23073039618038826
-0.12559444257968722
-0.4832412793522184
0.19706378966910465
-0.4122533669041163
0.41327260112159847
-0.3858694465331607
-0.19501142129929117
-0.20566368059854556
-0.4922756682274415
0.2084863340730393
-0.14344603348311724
-0.312922900449916
-0.4024409180471369
-0.2031298039526639
-0.05846748571180349
-0.3377137593266998
0.2017601231271159
0.07413081789022868
-0.3593142199398256
0.4902719938335104
0.3357993843951238
-0.015188265988324345
0.2508704292579921
-0.33864149926541254
0.10549773829303188
0.29834655496612295
0.11780803909347093
0.1542176436475332
-0.2509211299270986
-0.37993472769028014
0.40528346867810927
0.2875493391624073
-0.1976260231356055
-0.40084957264490806
-0.26401625353855385
0.49290898935336036
0.12170478101456084
-0.15043495472164858
-0.09811645843581218
0.42948925790657855
0.21479297514048568
-0.23889321129142538
-0.23897101948558896
-0.14907917166059814
-0.2978858427700136
-0.05487438253203247
-0.4872324654793938
0.029664474022208953
-0.24056518581481845
-0.4669246166663188
-0.22508461337123464
0.3463249680295918
0.07684113705757145
-0.0740480856436081
0.27405112788245134
-0.1407751370013519
0.21038901181886882
-0.12119624420859376
-0.49593211538412363
0.2838341841539542
0.1995743827679296
-0.0031159524419583917
0.40831303228287597
-0.16784044061033432
-0.022856044182686386
-0.18135519541945122
-0.0029114987864684583
-0.21104525110465344
0.40733624190436835
-0.33434182891761766
-0.17501872804162522
-0.4653784807145641
-0.24553660107814845
0.3506812994693044
0.42143780682352416
-0.036071626620396424
0.005814558210886611
-0.3475350930557868
0.09319256368450679
-0.10481782592173783
-0.2488184129746046
0.18953832149443062
-0.0013949182436437946
0.11624499384688891
0.25587876497947915
-0.04491387780560285
0.03165614198311317
0.1717976216236501
-0.045052045125885676
0.3111649907045314
-0.1527015100190574
-0.13949253796168581
-0.15668881788191136
-0.3171082031607434
0.31005305714181886
-0.3187325828065608
0.1399529382975403
-0.4581333879692818
-0.24581342809518536
0.14442982990595243
0.16378490390183087
-0.4770221682275254
-0.2934973978393325
-0.05303273123842933
-0.4253342297482704
-0.3201315073975165
0.14172220752283748
0.4997499092006986
0.005119593589603011
-0.04827363517563299
-0.08437321659202812
0.1906370044930059
-0.363384018948411
-0.11230696972137799
-0.24741963108948095
0.06883777369435828
0.4588462663948978
-0.44493036968311883
0.051744066417134915
0.34400484130488984
-0.2087505969782314
0.34363066360936256
-0.17975911954484758
0.20778124966886857
0.1431124738504801
0.07073862475538262
0.24172397470819595
0.006029508634988745
-0.35810977142112266
0.39058664807799415
-0.2547525314520358
-0.2832702132424485
0.06895903811097526
0.01577797912403367
-0.04796657711143015
0.021541055120823493
0.007840331756357455
-0.32941565430430164
-0.4533256138142636
-0.0017222079757963638
-0.2680003923280062
0.012608203558279296
-0.05549367533616989
-0.39293795121328357
0.23764682849006513
-0.01679344678638439
-0.39166838146640504
-0.30533121788797835
0.2615343693143556
0.17691644409092067
0.00536745387055193
0.19959008039856097
0.21456964446944105
-0.14374388518059777
0.4892403050747166
-0.395398362486156
-0.2908710581171192
0.18065717801561443
-0.15795793809083702
0.4541229900108902
-0.2387201501945203
0.06691711361430719
-0.18209062305193136
-0.06957985756764817
-0.19130996742253115
-0.14655599008397924
-0.20771762875015076
0.06570801693869488
0.4008201195384473
-0.39830252204390737
-0.4600553348796762
0.15646696762184253
-0.20993121549161553
0.43561382354108213
0.2401420833110146
0.34179609201289185
-0.31914106394667185
-0.20656503993449837
0.03852181326918913
0.10938364475866713
0.07822331423708717
-0.15375542176547297
-0.1166694357242749
-0.2993173860870756
-0.4817307706757261
-0.37635289308524245
-0.10274583093209311
0.0011374587639442213
-0.040028549989091555
-0.42059207685730515
0.24647734795673581
-0.4781841684221516
0.27106313811126226
0.4285067859150279
0.3249870548033903
-0.4944433498365469
-0.4496348082353451
0.09193791045819522
0.08483876083656405
0.023754196841126896
0.49471384880056035
0.4967245038195277
-0.48795055054327874
0.1691551891844425
-0.3592820889519759
-0.2040028775154722
-0.427022415935312
0.09555390614803427
-0.41010399125231645
0.2976186417749386
0.4374944310244089
-0.29297161298561136
0.2603157001931986
0.019721426723952606
0.4229472073610461
0.2573678539398633
-0.20132421742684503
0.3276549119930441
-0.10314023861357635
-0.015399505837270011
0.033843941035572644
-0.45077543798497355
0.32651127156430315
0.17603717931093077
0.2561818769064017
-0.1862635802544209
-0.23002040257904288
-0.2639943219895178
-0.33343940064047595
-0.3847562524296452
0.36593036653276856
0.41145691909521986
0.054788773391448276
-0.23847466931961114
-0.20162114776704732
0.31988337302656966
0.13924726322811987
0.43770785321710093
0.2878467587846891
0.3194966286136892
-0.4721565269020004
0.08707756441479864
0.39178115294345583
0.06336974591306199
0.4449692749064771
-0.30849096788184227
-0.21520141107406776
0.2872576098989553
0.20996679098589888
-0.179928135418422
0.23326207536901988
-0.004934125722616534
-0.05032379449433366
-0.4932407872845058
0.1788946846151369
