0.25646962621829716
-0.4709043680813212
0.0204287805645198
-0.22965519337454265
-0.42438573852982553
0.02831797788549284
-0.07368086563084919
-0.19346685636942518
-0.4285050204847377
0.4305790135403659
0.25173338954527813
0.07186082023664597
-0.34024820044668935
0.10476935461428905
0.06701339973336173
0.05443130671098495
-0.3060690538724484
-0.21061008031111472
0.1627048956546716
0.0288819361326339
0.19307857538157902
-0.18276399176232794
0.02063218558195623
-0.34164253918637455
-0.21121280381117125
0.181948253549439
0.35917757630723246
-0.14867069998283322
-0.1641824697737475
-0.4676022595507442
0.35753195934134696
0.07690406537064731
-0.1029808203217133
0.17403797768460294
0.4459099832763591
-0.02394556120862079
-0.13887401680306777
-0.31923060058900277
0.11220013726069111
-0.22875566853334817
-0.2188973852816376
-0.2234729945665037
-0.47975418540637516
-0.3267909324965328
0.13107157083861087
-0.2672849703433987
-0.13906917414044528
0.21119096165340911
0.0714500134542384
-0.35422279469661877
0.2644687883519089
0.17171913007121042
0.48477872384771725
-0.3913949612890646
-0.20922732773587283
-0.3789380784441072
-0.0011739817218644477
-0.029849669542540203
0.4845074166634564
0.30776903209875706
-0.05109832677817083
-0.4104772766169168
-0.26759522430019655
-0.40574028245625315
0.24791723710192182
0.234016642802241
0.19264632680732074
-0.04979761453776044
0.43058042891786363
0.04492641300899913
0.37959731648781236
-0.04452989287537035
-0.28278656760257403
0.30067214063579284
-0.4180999796332864
-0.2932545758486901
-0.19696406059973193
-0.45632673287240944
0.16791263874687024
0.4993869622027104
0.22035568565275787
-0.494429414334452
0.48970551622504255
-0.33504038779316037
-0.4560394154186199
0.16481136484579806
-0.46469647489607524
0.4848689361872819
0.4141082951064756
-0.2987229942332218
0.1985901183984462
0.1718292977680682
0.33686044150347727
0.07454586260618179
-0.46273548862632174
0.013434841359279304
0.4881104083875113
0.44554842970615005
-0.32852935718510035
-0.09410902867765158
0.2955053188024912
-0.31421400082638695
0.039192882653407146
-0.3289966348710729
0.4015636934372796
-0.22605174547000317
-0.43076005086306957
-0.25418966765194007
-0.27835688893838206
-0.03332141700645053
-0.041384853361299156
0.06178387513011163
-0.29798777929476505
0.24840085865848738
-0.35170240397424835
0.18931322325494027
-0.44386558305926704
-0.28546510279931403
0.27993570756302677
0.11322426215966619
0.21137100155533206
0.22309209397552332
0.38568053299908234
0.32637694028620845
-0.06633610976654303
-0.13844335002012265
-0.18563639637803275
0.2809221015205897
0.11435922921478614
-0.4808776927915487
-0.07055004562353506
-0.3794120271638506
-0.4988154565907361
0.12876762988664414
-0.07232618478180097
0.03240564057092998
0.23449458524620104
-0.05068179810974549
-0.2780089296200442
0.002572494583020668
0.41025109281286554
-0.40544289638890973
-0.29154080684742467
0.23869040874961356
-0.4671951409598629
0.3846094684919915
0.39388143659626185
0.029405993167075928
0.1433987960462626
-0.005758630076616478
0.29952950664680167
0.3525181590466303
0.11441299744002775
0.30337657597453527
-0.22401547018702694
0.11390790732814993
-0.4152760175355935
-0.1829504852647914
0.3651135634655166
-0.4978158914477927
0.2781520927668377
0.015176255844406294
0.1274246808215419
0.07772803821221053
-0.0051776079662650965
-0.4830601072259465
-0.08347907562498957
-0.12014119292723013
0.3943662102885336
2.503790587593535E-4
-0.07290050659388658
-0.4678695377997101
-0.19975827534979995
0.4036531796390611
-0.031080768738380615
0.05331089202096906
-0.353946235432563
0.056224958029993055
-0.17361377481069207
-0.1596183401848621
0.3576046716282466
0.030408810307951395
-0.2481164406116816
0.07993696171002396
-0.08149081073166164
0.19340533915349023
-0.3893017926000052
-0.33435122567647546
0.10255846637890931
0.14465037219226384
0.44637407388287087
-0.4479951523886002
0.3726194384970858
0.4700736401061252
0.26754763767312906
0.3583144240168894
-0.25629254304351634
-0.48175303002389913
-0.3292019939447123
-0.04798345994218578
0.4869717124530428
0.2091952051442023
-0.49122902059111995
-0.313385802144896
0.4116847449425223
0.22355597387343018
0.18881241590246844
-0.052903123412763486
-0.3960718219446754
0.2879396930642062
0.3445731304377715
-0.335496719192213
-0.07648061410397022
0.17175422069319057
-0.43847598283190303
-0.4986854322151615
0.2648244573058177
0.44142356360444746
-0.4429532192164227
0.4806582566215496
-0.42754494572242474
-0.020156749289387155
-0.28325796787323343
-0.0651586654575631
-0.13055218948891312
-0.22792014737753286
0.17082311482011026
-0.21747963701574036
0.10337680963722928
0.4827352995567128
-0.3420592377576628
0.3088558880545751
0.44495128793727257
-0.09393821424055393
0.26851004664565226
-0.1807134030080111
-0.21599817027886026
0.45682597830165506
-0.21441234439501344
-0.23490125746237622
-0.4406396343840502
0.4880862326851907
-0.25142566976432545
0.19775475962521616
-0.268009275065088
0.3714600852724631
-0.4465065544617516
-0.3010159071978519
-0.33517216031384667
-0.04387660482725042
-0.12667621464833645
0.25492884459053244
-0.09186454371919939
0.23469675845225735
0.43284059576591605
-0.10482487335546864
0.4057937855631816
-0.21266117204622037
-0.2953540713873639
0.30129079317919594
0.4357800614249455
-0.1502199530769548
0.4065459932307537
0.004528877528230502
-0.32279368093351835
-0.3433055536259618
-0.22484101006316237
0.23864510245516823
0.1566306952993971
0.04872156468466371
0.4666146231437931
-0.00868284111598927
0.4679597944338758
0.1996140610065733
-0.40756794175437516
0.30644240528152766
-0.41688892186354354
-0.2805990746677136
-0.16285991460022686
0.42962939492688934
-0.22529345856712213
0.32012044341927814
-0.1760698943309733
-0.03951167676662337
-0.34258061204650425
-0.3074093269208402
-0.10439176754791835
-0.22213605852680107
0.12119818790049497
0.2358496793212187
0.2603404925839552
0.13794382266484784
-0.022556691216024882
-0.19468828591921328
0.015160540291398017
0.010214076733952582
0.46831330322161446
-0.2986507455091453
-0.09506300670279766
0.41252326321961774
0.399689174815274
-0.2930743866300677
-0.1995270810733094
0.23405475637901862
-0.4500728516929514
0.10106600969017565
-0.21336233096728785
-0.20620347448527765
0.17938139273782994
0.22436985821621747
0.4399067453761203
0.17213660342093107
-0.08022005279362898
0.35343043231961235
0.3444129484102312
0.17450138493534506
0.05788874556787593
0.35294257987954747
0.14658790752289097
-0.36150679513889705
0.24450006941364877
-0.1825567950490926
0.48069987699637595
-0.32022765309298373
-0.04236661973134004
0.18904270791126943
-0.08892952951975486
0.3869681036908813
-0.3720619015830543
-0.35682935014383865
-0.36852087291678015
0.4221922670450866
0.19463916438882323
0.3712720117194025
0.03824102949212682
-0.0387324045568872
0.0019683618142172232
0.2575549524173334
0.4506707218248568
0.41657296409733413
0.36887526619688493
-0.15369479528248808
0.19111995123177705
0.4254457104360807
-0.13108619831107526
-0.07305438373010231
-0.043494957464697115
-0.34162890307449834
0.34255153177180286
0.025934364607894
-0.08578405249560395
0.10372754305954424
-0.06924921708026999
-0.4122415869554532
0.23752488701367913
-0.3803544493054699
-0.03347828530576957
-0.3483061474307757
-0.14090992854257411
-0.29142277271164485
0.3902498298763092
0.3866679442845148
0.06587548297616097
-0.33353749334226723
0.4649508561269611
-0.06652775433034397
0.18478545364471965
0.48591680172976903
-0.04079126728654758
-0.3782597353330738
0.015538038196125536
0.1516546716746774
-0.3615969279051453
-0.22148301901221734
-0.14422102019314054
0.2564021516312177
-0.14106581492115777
0.02591151274239134
-0.06683641012905062
0.18684056617853895
0.2955060830056395
0.17723873985251382
-0.18988876483553074
0.48166242761685296
0.3481280740717122
-0.4157808154142323
-0.140836900104663
0.3476105180930418
-0.42665144404262945
0.062221054617439764
0.22035086493272116
-0.2655910576848892
-0.4366649910491269
0.3261919295170823
-0.25328980651881594
-0.18421483544179174
0.05676663212684119
0.2068419503138963
0.32004972800794496
0.20132008620664088
-0.2928930215386919
-0.21519557867084993
-0.4236872812281455
-0.28734674947393724
-0.14332410395075812
-0.020086471718599452
-0.48165504371836254
0.09760837561355806
-0.1309584182832062
0.0634033257419121
-0.2863906017689958
-0.3729055409697164
0.05760494301652741
0.02274589433773655
-0.2246357258189614
0.1221757196739427
0.014850147190843432
-0.2979892389421621
-0.3919520642816542
-0.4075062134805315
0.19458694296581724
0.16504171856696936
0.4610908175514411
0.33226347370796605
-0.07138834423779439
-0.21558860060171536
0.1801004998551995
0.016353741950390854
-0.3304346801676129
0.14602752381386463
0.17034354570908083
0.06650334346782316
0.1433692517537919
-0.022570401955421926
0.49467323816486797
0.3165105626559468
0.26746975847406185
-0.04277194298178222
0.21652985085822274
-0.20472465740059864
0.14522499714094783
0.4438025965049983
-0.43163405624364404
0.2678605245184925
0.18211908282466116
-0.1267099434555955
-0.22317380206903137
0.027279203083993897
0.3860896305161975
-0.179943659805211
0.40823773182434797
0.31350290454172336
0.212106807601377
0.48726146416585436
-0.08855678722111204
-0.34877456646259475
-0.1097567532433037
-0.2992102646176258
-0.37026420604229815
0.3442056957035349
0.036826004081278896
0.3167325811242745
-0.07036825532100799
0.3415521494632765
0.4898632342984304
0.32077412725690113
0.2514425883404714
-0.2998997328954326
-0.2672104718590106
-0.202754835230741
-0.17491437182084202
-0.09292588379286348
-0.02532408504538275
0.3762737238139058
-0.48570168222912224
0.3985112406582294
-0.05959814380604789
-0.27062407205479033
-0.24660218819344604
-0.2885298191379283
-0.3091122164019071
0.17699363075434904
-0.17704520881027752
-0.15817199169510132
0.34133900190242805
0.49590054938991246
-0.2257741009608618
-0.45548471199663987
0.37455282989804173
-0.42993847443237443
0.1569167383326988
-0.49067609977422333
0.35669234951671147
-0.3845553799412087
0.3308234486888163
-0.4270366178371663
0.25453221941046444
0.3274492262118597
-0.4508728425141667
0.38682934608270736
0.22603306298321546
0.4490274622758311
0.18959323655852411
0.24998745897553776
-0.28979748926106164
-0.06175948216178195
0.47965247538587164
0.13816531543091837
-0.12244683255576139
0.12590537328506124
-0.18768122663224573
0.3120830008542289
0.019068455097064008
-0.0028486038849953044
0.2821244494221268
0.27224337188041636
0.24943941837867967
0.005120535577395557
0.3837302137535694
0.24234096226673096
-0.020562871316141207
-0.36929103606160163
-0.08940569939103749
-0.19026173792545642
-0.027363535211554324
0.23916154206969242
-0.032938981603154116
-0.17100321365915083
0.44330918343317294
-0.34750462894640277
-0.3355440446686354
0.20323967953523192
-0.4248447049800521
0.2561420690834737
-0.48974832455585704
-0.3018385981949725
0.04464355676645326
0.3888628024052311
-0.28090585489690567
-0.48521074889666627
-0.3819165805286312
0.22690398047629323
-0.32454346219886054
-0.05035934036229561
-0.3418478215814291
0.3665260314006762
-0.44008586941883265
0.10470891663698556
0.4234530246442543
-0.16654917782151213
-0.28548988027906597
0.2747494192038755
0.3737805902829453
0.30343861096035973
-0.33259120837442846
0.33562727868760733
0.30412311320585694
-0.09488179344486203
-0.13699074055956084
0.18502649738265753
0.02203074167419783
0.09435901737301178
0.05091963358113183
0.04560971283688453
0.4558321997969137
-0.2611127082848682
-0.02433287379028426
0.23075671281610233
-0.46471740133911477
-0.26748705351017843
0.4787479805616546
-0.20570107282695904
-0.07842234079233001
0.1702475646145165
0.375595441214577
0.33820635054176784
-0.3197297289269988
0.3587581443306823
-0.4977275485721552
0.13597190315078467
0.28847785707257656
-0.28898484457222895
0.14017125581575574
-0.3555217879159329
-0.053130652009138024
-0.12034218482571124
-0.37827109271725645
0.4234196157405903
0.027273614191889783
0.3205130037928948
0.2961443958346438
0.4588926433221262
-0.3716486535142619
-0.15413094373950453
0.19130949516739904
-0.1034441251063688
-0.3653750367327526
-0.37348097755244103
-0.3533580474381992
0.22980057854930525
0.3782619718694308
-0.46774754096574933
-0.08876341810025246
0.05966118703912748
-0.011640422203905043
-0.3376112646755931
0.20272581745953133
-0.35426502930962944
-0.22092116654716654
0.4111090950915124
0.004468195288838239
-0.3988316562811286
-0.4241708030095128
0.4367582897535923
0.442159946708533
0.24980698136759638
-0.2921945890717761
0.4599513322302672
0.4256908784260859
0.3598956733285993
-0.4944699237121515
-0.09776556840065032
-0.1319569082004063
0.19625284629637174
