-0.49871072259239435
-0.2893774080765279
0.14126330461416503
-0.11539002156009792
-0.23071792798461965
0.0038768781575169164
-0.3227267023783408
-0.40672884486652594
-0.06303614608751373
0.16255012472760166
0.21109739854286813
0.25568933560241214
0.36276708491255705
0.4456550483912909
0.4440260980065619
-0.4267877134095267
0.25768967216850225
-0.4902262165374085
0.20750147434651445
-0.1196486623944426
0.0396131042951543
0.10416797595804772
-0.1312509596265895
-0.40862621589959003
0.43976140446924616
0.22165070809178478
0.3418985152383178
0.27448646435209967
0.1395300765558013
-0.3151349675313003
0.4579196538633712
-0.031490744865022346
-0.35732892806749894
-0.042815661891700496
-0.04841733200860043
-0.13036768891785366
0.42082880626424546
0.43326989330567567
-0.26521506557370034
0.18479637012896943
0.10967886216477096
-0.41360869065275996
0.44296914069742144
-0.22656915891182228
-0.3215703637854501
0.12793576310184507
0.4649902776901823
0.1807296345162145
0.04720489165551578
-0.230897306712479
-0.20332766307267358
-0.19666032461470184
-0.4151675917117301
0.26560024370657986
0.09442748024822989
0.22228323579140308
0.28382280952238137
0.17323052994696875
0.24769418927982445
0.18812919093555902
0.17982918476283227
0.1455712595412596
-0.3624167026252504
0.34987518771632975
-0.24036303748212728
-0.3354692119864182
0.004003288121723236
-0.4183034678017612
-0.3152590697024331
-0.18962489865605525
-0.49533012990772274
-0.31933598758446224
0.14682381675308187
0.049894351517127844
0.11678671635167714
0.2837276892067422
-0.43304071595067584
0.0496979808537793
0.005817950807550765
0.08370901111654039
0.15211942310414683
0.20619693571596087
-0.13434486616260943
-0.18826094758219292
0.03057488292045052
-0.07534773080644297
-0.47938552859319716
-0.0024741365314987496
0.30203382292272696
-0.3232604908485077
0.27208308941307413
0.219029515577293
0.3588731493242172
-0.48060131515885807
-0.4287344307075286
0.4095681666102954
0.26157378613539994
0.0673100276876537
-0.3956348735610684
-0.1969254408000154
-0.21552073475920352
-0.12284429919427409
0.2876663395803233
0.2671667805817033
-0.012744975777573164
-0.17610168174189378
-0.012630541356201008
0.09889346786406772
-0.18706689561215273
0.3276274294490338
0.002658659907086358
-0.16054223738798734
0.2651853670183356
0.22409485108330718
0.48037017713348773
0.301920868048553
0.17547570271777446
-0.3371188273889295
-0.03424190470273347
-0.20016968270447544
0.4349997999556128
-0.33579521640522747
0.2362393406028569
-0.48508601441653465
-0.16317156605350358
-0.13129400766193
0.4136314456060822
0.04842614868526818
0.3504289326503385
-0.42589115815690537
-0.3947198444966732
0.46342677218816863
-0.26625404376427875
0.36848337811353116
0.48560598024009494
-0.45577875356635067
-0.1227180331855926
-0.4580982702769443
0.2969825609509572
-0.42561778178874
0.1701244916143393
-0.013398537252452769
-0.27750839770249813
-0.3337785601427289
0.47962553322749724
0.48033990746387933
-0.037017582323780274
-0.4377260511066625
0.044446511711514036
0.08844395968286389
0.13699730720463732
-0.1266970616808315
-0.30506060130179935
-0.08287056283145866
-0.1854944959581195
-0.08247143717289307
0.33534296670398334
-0.3960150166997731
0.09402315563890562
-0.31777072623791947
-0.4509692966798762
-0.2589143749085271
0.137577659991153
-0.05844012300864243
-0.47894535485978584
-0.10797885895170745
0.48910893955017676
0.2333755434110374
0.21148760229250096
-0.013804655296906887
-0.18071762118991386
0.22304623155946746
-0.14142650392987977
-0.34792802297572345
-0.036679156972744376
-0.03630828134382591
0.44245378634661026
0.48561359886714917
0.24834683738905716
-0.3000377203707104
-0.30175443180179073
0.340980312292805
0.14285731407435787
0.15643567226488586
-0.3684950884902668
0.4776251530252369
0.20333797034114065
-0.29810369668363035
0.2596164645440949
-0.19875665449769242
0.14165550119826742
0.3872076675824987
0.47940858361129923
0.4956031180894471
-0.4082504287883564
-0.38281540688394344
-0.4556991444304682
0.05810606653699568
-0.18472064088759899
0.13581726734437338
-0.37645136230968945
0.12399500946370445
0.1532616461569648
0.07939380531658657
0.3116570908169397
0.4924481373364098
-0.495629229992128
0.0835141449882939
-0.24220469444537296
0.45236813854300284
0.4904536217252584
-0.18231717308187978
0.29304822105057693
-0.1535045873590304
0.25594494115997335
-0.13488626626168143
0.047602585345913107
0.30954513878258716
0.04025228193977537
-0.4344247955991549
0.0704707615179716
-0.23061257384113876
-0.2391888056478263
0.2955492336018477
-0.10888639085130014
-0.3901387035782313
-0.1506042691564463
-0.3273264310604238
0.29533233695941774
-0.14036781372394713
0.4954005196447522
0.3403812617283736
0.32705588129091034
0.39357448050384447
0.2671949188080057
0.3138470771550639
0.17315953153256491
0.41147928642980514
-0.19371871535834795
0.34979595846650946
-0.3597929730878897
0.3934593944308731
-0.08112639591901805
0.44042335215350426
0.39001713643397073
0.322242815828499
-0.07435610191202924
0.325623482768277
-0.03478711380607369
0.20961687663954942
-0.427231704672564
-0.13208397409915063
-0.09357993376941764
-0.13239481260314134
0.15603615422779304
0.24090752301273233
-0.060461383819361836
0.42453006949448
-0.23533075219605104
0.14481916651773663
0.29451923354056364
0.30193324196951754
-0.28736965267257064
-0.3184426081805394
-0.29366544637200076
0.2403982063368444
0.29258382795223936
0.09699986290498763
-0.45565738417646917
0.49063761895213986
-0.03869683991255324
0.3296139046187271
-0.18200219371790416
0.47077960481674297
-0.05479647978140778
0.19222025773607576
-0.4851273674437404
0.03160714735381509
0.040810033746745744
0.05766031997616983
-0.15878912845911475
-0.0314250184743321
0.0773557195209792
0.1193200851596774
0.45574137202773124
-0.42725113256967473
0.10733488204103714
-0.34609051071524155
-0.285761429724814
-0.1776177933291796
-0.10427817096003611
0.22659123521670288
0.275324584863905
0.28266547409491005
-0.3103034486548307
0.44749845656900056
0.15726463201466556
-0.0967458870033916
-0.43189757322444533
-0.28612453162985185
0.48101603567014706
-0.3184988723877473
-0.10650662655060184
0.3535220806972148
-0.3134511905063352
-0.40610973837178643
-0.48048868888125995
-0.2770836374320921
-0.032537041461648486
0.2889870129503802
0.44246678861595645
0.10733636195330698
0.0331864473582717
-0.21770602643124426
-0.4716207291637423
-0.2795029143765311
0.07854464739093714
-0.20328216082463868
-0.20463435386366524
-0.29233673866929377
0.017250928544068178
0.451926103219649
0.486149009737721
-0.18110497681944016
-0.3811254679720154
-0.2783094663963762
-0.17340796662423852
0.3380278956655729
0.17810101998350847
0.4503865422807136
-0.06645759330022016
-0.0718155547352568
-0.2593923260078489
-0.2518636704526438
-0.19108963281483493
0.28605969580625945
