0.06875291716347731
-0.47012984106987
0.42639837611695686
0.378079718094132
-0.044725211667411724
-0.3084624954901558
0.4740195672138341
0.49084669834959627
-0.32147524830971597
0.28890960386141795
-0.4004839666244482
0.4356328980900793
0.3730749912078456
0.2997866202258156
-0.38051005074448196
-0.009361330915263144
0.41726181906238313
0.011137913571386049
0.4485417532794217
0.12089821209473206
0.3572780055704
-0.08735831967062047
0.07006246584480258
0.3273211453023813
-0.20911629727925674
-0.026290415420673452
0.49412563673067067
-0.3837049682491247
0.045239008590247654
0.2549543655538261
0.006220487133834163
-0.43917392457104143
-0.1953493372894206
0.040410284041323186
0.2224814659364035
-0.3248272530769586
0.19656385761926742
0.1934180683464175
0.21023431449498542
-0.14284692634747842
0.22791981533656047
0.23693685975160172
0.20709171508366941
-0.034217008420874495
-0.1209616258116103
-0.2618519437916462
0.27749652961963
-0.3033700017016514
-0.3915258804186288
-0.06243320307352418
-0.41747550748369855
-0.2067574926867678
0.4998335885518066
0.20447901045379113
-0.19307810148570548
0.2902422254704089
-0.20966971120347822
-0.17662703865132856
-0.31323160398187433
-0.07785688540707814
0.06089298319337788
-0.17986383819205098
-0.4881811803103112
0.051687276169020135
-0.06106792227486446
0.02214003841922929
-0.061508122520083974
0.472464803603315
-0.23259183513413662
0.31293600957105894
0.442638087668188
0.22281056475064198
0.32763498140922165
0.09013875356392598
0.26563294209237776
0.11144834771599388
0.368289309051943
0.26417325555012294
-0.23699468709524318
7.87704779381393E-5
0.3893885948754885
-0.2540854407871035
-0.348274154602241
0.014083652620839548
-0.14246384178285798
0.26285003634278115
-0.22955676136653502
-0.2402527368722739
-0.21247671144960623
-0.4837536849931453
-0.38362914078846666
0.31486993867493696
0.4154164914383288
0.14590349657939283
0.10319045219677869
0.2293773318963075
-0.490453229704348
-0.2955679735717971
-0.3037468635525967
0.023504364387458065
-0.28164226498080536
-0.1404116395976679
0.32452235139016616
-0.29664000125291645
0.23785739018057117
0.3410572355656548
0.2431174536622236
-0.3728449827686964
-0.003541599291617903
-0.27282956797010294
0.3259807963239758
-0.3498977377025011
-0.49871986113794786
0.027402630021761465
0.10510452607796705
-0.1480254853780385
0.46752516269270594
0.1580873921111885
0.24091882142518783
0.30853233732337937
0.36133160709275225
-0.16835285832520142
0.007855487632817182
0.3065107894548764
0.026542282332872258
0.08373314109432217
-0.19023345249164691
0.12157984773641706
-0.36287977769330215
-0.35197738298333225
-0.29820931469607315
-0.020329047135499656
0.3194793035728499
-0.3449780703455362
0.3884243332621935
0.10428750085996419
-0.07721193294424955
-0.3209235872653452
0.19196904497780087
-0.18410528826122985
-0.41965660728582643
-0.013111494947695701
0.04118983507240148
0.4942102381117932
-0.09859971022759528
-0.04880178567446447
-0.38306575993277303
-0.15980658008330328
-0.1396174341387033
-0.015119419475307372
0.4096249623730469
0.2817583228637589
-0.29081131169619245
0.023567170639551938
-0.4070460872998668
-0.4442888413535736
-0.4716539787329179
-0.4610002253783413
0.29876885355474536
0.4681404872468885
0.3540554394395721
0.3006757986049413
0.09005820103103901
-0.4135359630098324
0.17070793164325815
-0.38005257555091276
0.17210361213063874
0.14856345711080743
0.44224333881143885
-0.3914133607281691
0.15628390445686302
-0.21208597420304487
0.2707607423015731
0.0629313675772134
-0.0033216604075279044
-0.23165601564339544
-0.28292111053419344
-0.0549217539139466
0.05653041362788458
0.2980333147639723
0.29548441214686216
0.07418999971665519
0.12979858463742933
0.14958987721539896
0.16369422350757568
-0.4361635358200472
-0.35756635982192353
0.251515915989334
0.06909785945459868
-0.25461003630753043
0.18868645462536981
0.1361059565260374
-0.31636549940986913
-0.19715251526681354
0.019664423242891305
0.1297922576678897
-0.43780141993243504
0.11105347134414678
0.09451859090351222
-0.04581842985478668
-0.40674341861460983
0.31714864064117665
-0.17094259818043955
-0.03049665022807735
0.47539718423195365
-0.4658281849522953
-0.2677523363598582
-0.3630845778199152
0.4498256272593284
-0.37390650540055914
-0.2920233711276873
-0.09790925034396125
0.24635245462908562
0.4551610630372167
-0.08238622430889553
0.10973455034235846
-0.04078440434974406
0.1352873870071306
-0.2516755398700462
-0.2528416940689052
0.35911396239569837
-0.21068370594374086
-0.387247846153022
-0.21523682913898812
-0.030879903889254434
0.04334936149865687
0.017599524091636565
-0.36773768167160714
0.08467764252331511
-0.49207929920726157
-0.41819681829144106
-0.23830199181421363
-0.19832040113776983
-0.2063425374788206
0.4594104626504557
-0.13821399005739732
0.031661238769778666
0.18816568665958655
-0.07206876550505736
-0.01715383580525176
0.4294315576807122
-0.01876734033483618
-0.26014866919291557
-0.4924450876782632
0.13600563787164954
-0.4329618710874098
0.20315837748241405
-0.06001816133575377
0.2484894613143489
-0.12508130136041207
-0.14385485628259098
0.4438489927374145
-0.03139182382389438
0.3843313424497775
0.03241920211391336
-0.21932184311976055
0.4528570697775497
-0.0349868887527387
-0.4260382349798163
-0.20053182374219547
0.48979449727458824
0.049935820426078914
0.44324328616038633
-0.08822963600474054
0.2637843191089282
0.19650663209777275
0.0098162745113749
0.049507308023317265
-0.370465097804199
-0.07943410885308655
0.3424712017964969
0.44760653025127195
-0.4819292141407052
-0.20191361892659876
-0.07504577482194696
0.21949678366434555
0.3223116738827573
0.22107871755170627
-0.16858953888553585
0.1007422427395378
0.36922338116154874
-0.13294033559526552
-0.4528700797920785
-0.07543483106739501
-0.12445652602632418
-0.10445813929262382
0.3008377029181095
0.36273531605903153
0.105374068791106
0.12035434196719552
-0.013315976870207358
0.21628010354059835
-0.19952687775193223
-0.07679435264171863
0.49725335385868685
0.07269676657651847
0.33786425471698156
0.47175217407096726
-0.4366732118367077
0.45982359421391905
0.48442507282464964
-0.11546353390488329
0.0017948665889034876
-0.27874537345776973
0.06440184371783786
0.34551131142235325
-0.3899670070348942
-0.2858418664880523
0.3333386516032676
-0.18753253684275195
-0.1867849712329751
0.08758629887185865
0.36069729018815244
-0.11346588943893476
-0.4295449528854388
0.3378395929594651
0.2634835553019822
-0.38597728972308687
-0.023668651270074226
0.05717625981680463
-0.29551498131157206
0.47723677372760387
0.45626035107528085
-0.20686636748145948
-0.32873640537488846
-0.40252884088241714
0.4473530042163968
-0.282045033204404
0.18583620608846807
0.22127668999141692
-0.019200762585332876
-0.12890867092594127
0.2600151744628023
-0.10983334411941359
-0.3625086772933308
0.0824754582334436
0.10766941261635432
0.30429417775967804
-0.06449024471753062
-0.18975940540110992
0.35270657561431284
-0.21776973642292896
0.3262604213204968
0.033783703848526025
-0.2696348792826281
0.391824438442147
-0.3745345563343204
0.03154969016909659
-0.4305555212184864
0.2812310239783673
-0.11412621142475787
0.3426390953744268
0.16439070628842112
0.4745361904239529
0.4304725704878435
0.46231878809698823
-0.0013062866315975974
0.41302162280866794
0.008143473199210494
-0.14625863287468976
