0.11244472243657522
0.2210991067191309
0.4298331798407595
-0.3423176281459577
0.41653085233760057
-0.0454982904188308
-0.07182142747874898
0.059155535199600706
-0.19005634389395554
-0.21457159207851872
0.1916236523482021
0.49738110010498837
-0.008542741807618937
0.21647718760684942
-0.21800763942566226
0.32980280043371724
0.03725556701856603
-0.3142083893108084
0.05047605191268756
0.43541992249337746
-0.001566938266985285
-0.15540729137091014
0.19794352390018577
-0.12146688461006616
0.22102721278904602
0.3806753644222163
0.3299533891035725
0.45422405625242734
0.4868791257326712
0.3496912306838482
-0.23654267704894916
-0.010010726995166697
0.30506506598484895
-0.2222011835082136
-0.47324702537071206
-0.34216914895079065
0.07133675680319485
-0.4927312412699979
0.33506579967398586
-0.162759935278318
0.35695311553766884
-0.1291096486394384
0.32120916455693527
0.26189245115558535
0.28848229720143825
-0.19846723242703246
0.4540925456924181
0.2815056604259105
-0.16340281840051207
0.409972997367827
-0.11258212799770695
0.07519449705033421
-0.15541622079400452
-0.102890449691459
0.44672456303269337
-0.43621003958983096
-0.20377346244723193
-0.09406087787045436
0.0850136846351841
-0.41402769955311436
-0.35206956236287146
0.0641816664423861
0.4155026248473096
-0.37329919611694784
-0.46861555872698446
-0.4798040498008038
0.3646312357331506
0.016305513233850988
-0.22923298769378397
-0.26716300460858367
-0.42073858679859877
0.05473953320849223
0.45243870462999214
-0.3598367235521527
0.46908186929406737
-0.04212726822664903
-0.26473665460512386
-0.39758969124782784
-0.3314495237042506
-0.12865908985137453
0.1961433296310079
0.19140440962049787
0.2622767775540594
0.4523471539018793
-0.23194895091210044
-0.01840120001277812
0.333567483358555
-0.31905516885693586
0.24678289898611327
-0.01282846673738225
0.26792818041257793
-0.3702852773718812
-0.08214172254863417
0.28513283509196996
-0.22836508356320295
-0.1056188119253324
-0.41356933245776173
-0.33385287802905017
-0.24994066976977003
0.26779574721258104
0.18077389359234197
-0.13721694258090134
0.031251505956059966
0.025848554144945024
0.14385148357255217
0.019162175479412236
0.41735511266688985
-0.11374855692593422
0.027672282158372585
-0.4135147035124582
-0.3002504730720894
0.29976891302711095
0.061581387888344774
-0.24432709891641935
0.0833840046739488
0.23835658237348645
-0.02166993903974146
-0.1286358021136209
-0.06841061066642162
0.0557986266321886
0.05071425234989935
0.010776852783749624
-0.13527701105512635
0.3138195551590288
0.11676591942458936
0.056437314673192684
0.02432267681592204
-0.3097223266083322
0.35292756651398005
0.1435499713855387
-0.2509834340824554
0.21593090626331768
-0.30766512508756694
0.320780286804632
-7.451339572385196E-4
0.12239806019726651
0.07927808417169258
-0.37251439900673367
-0.38499903655635836
-0.4736780913931218
0.20110816716006497
-0.439065039242564
-0.1061610371700561
0.023372702293827596
-0.054701313994300005
0.08381673987054272
0.03652513970396476
0.020614156142183093
-0.4079299851770861
-0.09465867825317986
-0.27716852634826306
0.2968860840478291
-0.3280721518766141
-0.24149692951011603
0.4525993442088334
-0.15175850877658936
0.4926626257419634
-0.20842534888377795
0.3152417027577601
-0.4508922062781344
-0.42819703906376017
-0.006336487344265174
-0.46449696637187576
-0.46027438528534603
-0.4017896056588587
-0.21783094302320727
0.4841058009746263
-0.46344950895326154
0.09044846345896196
0.4942360754907018
-0.1610169958523584
0.45468653715951535
-0.38024504655358293
-0.45519133598923966
0.23611680228066467
-0.16994687494997063
0.3218903578735268
0.4406457596199662
0.058572978302833256
-0.4661309073350457
0.4348320660892053
-0.32733211381146554
-0.021858126933777866
0.18317119190079412
-0.2317717145014574
-0.25173770720574273
0.4860663200998342
0.46846697929612857
0.3357215253958953
0.27068159892709875
-0.07234211649195887
0.34325461926125356
-0.13730366587162834
0.024428413033452667
0.49017245327317427
-0.3499748919491591
-0.48029831857454663
0.48352705912265537
0.1841369357521473
0.2934951786638256
0.025743750431770462
0.023840355871316943
0.10538905137090582
-0.48579786600773467
0.2158393979784723
0.3910982182217162
0.16841256345297184
0.16422428807585854
0.27366718185992966
-0.34693840494042816
0.061120358449651246
0.14167397396030523
0.09284699118438677
-0.05274584989626807
0.3870583789241725
0.30174251757454296
-0.35067481783058363
-0.17504894627244716
-0.1669262834790971
0.22945958094322882
-0.1574625777231946
-0.11237747048790181
-0.27118993128660573
0.23296209987861582
-0.005533387539516821
-0.2862126505542911
-0.4510350955997595
-0.2040494679614222
0.08340863326200876
-0.21776033326020672
-0.24993798533246725
-0.48585627859356695
-0.16679599288763058
0.21186982080262007
-0.16943595627417163
0.23292533500654122
-0.021111232722859863
-0.34119189863828814
-0.3435299253999069
-0.2979912012505249
0.3861633204492234
-0.36162203400098303
-0.09588716673994835
-0.4321701461173997
0.21477318469487794
-0.1276468510387615
-0.06230858035240372
-0.06449158062668559
-0.015158958438114989
0.0012705551585379116
-0.43885517001224716
0.049605242940374605
0.23038456228570348
0.14705964951228723
-0.1377071940355672
-0.13346966230037505
0.40570014527322085
0.3630052645477425
-0.19826029051172223
0.42134427538141406
-0.15201246961306536
-0.03392981529551975
0.28985873663666084
-0.07217484677280261
-0.10646388745858915
0.11086062339634428
0.24224288881866785
0.4930577019120266
-0.30501121478764837
-0.26497415849066264
-0.49266965242823424
0.17643314380192643
-0.10635581718492548
0.18264117366424104
-0.38051832464679314
-0.12216828815159875
0.06345430261493912
0.3951310500454711
0.04660668931171441
0.20089250071412568
-0.23768098051942832
-0.45145294024839744
-0.026490652831600903
0.004657588017732972
0.10147450848018369
0.4115234016773054
-0.3095607391219365
-0.16948903227564316
-0.02478163930270183
0.4999897159083939
0.34090824646220086
-0.22878479820868547
0.4809088756002602
0.3127302063733106
0.12365159425632544
-0.3650186151730316
-0.3968784687124922
-0.4538658245644006
0.04068320964019678
0.4498912979562705
-0.06395871350571758
0.20699235998214627
-0.06328561945009836
0.45262287808221224
0.07461418681080301
-0.031049876080057603
-0.11522344288142616
-0.2896862983281626
0.3176771924406977
-0.048762577986264155
-0.06129192202818179
0.43552878492199854
0.49523081369034017
0.3375521982426225
-0.10476396646819197
-0.1283167161640424
0.05721390073642052
-0.10151729444833713
-0.01329608261233206
0.34990242296080665
0.0425856785180555
-0.4673888008815499
0.3600666904269213
-0.2518159055982294
0.18521526631794405
0.3994498701019814
-0.2114054026225186
0.11986242501616506
0.20702408568208475
0.0816173820075734
0.3097981095828026
-0.29924628396339237
0.29902217191308844
0.4841721691821156
0.38640586020141354
-0.14700185512681385
