-0.28618453698865276
-0.012980493138128324
-0.4570411050416028
-0.07185128817549669
-0.33321642196667156
0.058013972717627316
0.09017577493096385
0.3642783129424173
0.44170201686107013
-0.4678622876829831
-0.22581731911976055
0.061906794925652764
-0.43939159421008
-0.07809370269753413
0.13074842724226032
0.33660597802223235
0.1754877639957665
0.3936936255811405
-0.1630939389715561
0.07022684396459222
-0.4111230270158913
0.32314824544159004
-0.15507186831795605
0.4297708852927973
-0.21262045208683844
-0.23219090002932674
-0.14503781247566516
-0.28484344826378893
-0.12819098909379534
-0.4379361365965434
0.057811112950192145
0.07389255745109613
0.21684135419777217
0.26180249968851044
-0.1326204305059555
-0.26118168923373875
-0.37641872536197607
-0.2966823896278705
-0.018457637790342818
-0.40165064813216944
-0.18354775774268517
-0.3929230652241683
0.29983214831186245
0.2556446136620163
-0.11953117732660667
0.36401177006491825
0.48033396440376186
-0.08301308758132675
0.328798085881277
-0.18860743886246645
0.27215162686421657
-0.07228193412309492
0.13895339203906643
0.007933870876519422
-0.09332698080961488
0.17693022833925653
-0.2220160533104496
0.4714193022809221
0.49414982538573815
-0.43858189387099433
0.14360742738067334
-0.1856171447558672
0.43638856884947685
0.4013053527176573
0.22481851320267565
-0.21341529497202472
-0.2917263890218559
-0.294549730814038
0.08957478957587006
-0.46730378475107004
-0.24823601930682593
-0.44733622290620245
0.2999867323556562
-0.23638340106693023
-0.47257302257552714
-0.44715501903099375
0.10457807889173709
-0.49441420924849655
-0.2895271709451752
-0.015100424642637611
-0.26758852881681117
-0.30290088847753394
-0.2424052404451542
0.13522995919511127
0.14814595843396183
0.09285235360653354
-0.3305247916470221
0.4630776587940385
-0.45649044839886754
-0.07732128550700657
-0.0850092097458105
0.4447051983022712
0.23734939450278048
0.39580685212425115
-0.03596593496396561
-0.1623260096940814
0.3379634210954622
0.3261881774163705
-0.4796505078044372
-0.0855327243900389
0.12979935154000888
0.346416210076808
0.34469073368865577
0.133739925219869
-0.14058296001071213
-0.27635893199309514
-0.4841847730594889
0.360002365910563
0.49800600224019553
-0.32914038684296665
0.23363614248682052
0.17862273474266044
0.34608071088744874
0.36799604894963023
0.010118341285315191
-0.4324509134670875
-0.07594392761973201
-0.4371917905948607
-0.1741077792125001
-0.37542307954550247
-0.44642033545631543
0.19395175446848634
-0.27924160360983286
0.13981230887681018
-0.22876215457900084
-0.3382067262738776
0.0743947645145534
0.2836004555063145
0.3213879379610385
-0.071800519420396
-0.10178790115508995
-0.4960585413207429
-0.4201733731005096
-0.3974678227995082
-0.14306867815560742
-0.3874141251083264
0.39272590403987473
0.010976089632374064
0.184035045912738
-0.4894474743954631
0.4656565623790886
0.1689076421210547
-0.31571311872825414
0.43809820691065504
0.23421757619164463
-0.37302871283802275
-0.1290844866538452
-0.42283271668436684
-0.2065307287507303
0.35360702578722836
0.06633818571522143
-0.23586154689538308
-0.22972594618519404
-0.09764984252470854
-0.03468843103371633
0.2744570624619378
0.21230620987556847
-0.4898962770271046
-0.07136687334627878
-0.27339279285614804
-0.42026159982043554
0.15822480844869635
0.095038443535293
0.4157287311011123
-0.43206002664495013
-0.3007122383639331
0.06776066462429375
-0.16753129148222146
-0.47423556140281176
0.2190685642617024
0.14888236439585456
0.4119116997687846
-0.05203695540560771
0.18548486854005086
-0.2289127950709332
0.26604785794408414
0.415658533619661
-0.13058711396488976
-0.342608701638511
0.25748962337898895
0.2713004812014017
0.07168194926112259
-0.3646813902573717
-0.31981667669814995
0.30070903935724025
-0.24813464181692657
-0.20586032290430067
0.3156248048791922
0.04572671677044793
0.2662933120732781
-0.47371014095314434
-0.30540600222736736
-0.17466197638125336
-0.10016368152878041
0.15880423254708353
-0.16226510071255396
-0.3627757790311299
0.44268071498391415
0.10966137847519586
0.44181259487088964
0.48122968959375345
-0.18867812171109966
-0.047550114062763105
0.07139472011285997
-0.37228223387329407
-0.16311358802128528
0.1854803029774892
-0.3630790572437612
-0.4210749509062456
0.16165954032331087
0.3803760546879956
0.07230043704745315
0.4195677368215667
0.1379489137456943
-0.035156024595873525
0.11842929592070439
-0.1260752380940765
0.273314057313613
-0.4677833168244523
-0.47629677363265643
-0.05812068099668388
-0.24351577704653216
-0.29812748855671956
-0.47950738295087547
-0.42351305981027876
-0.05582408505534531
-0.37180830861213887
0.3476368111932907
-0.35401845578626356
-0.21985117811468557
0.3601252877746146
-0.20393364333853548
-0.4921750751979984
-0.061268689100917095
-0.24667060951121234
-0.45636483712740283
-0.1949392623105103
-0.2018527821843954
0.1331156183552029
-0.20629049165002356
-0.46875341767555445
-0.048742020120511764
0.004042620993196744
-0.31243562209907194
-0.18380422555329634
0.46427664140768177
-0.24109954518830667
0.4075883223400778
0.06679808892021089
-0.11599580459753345
0.11274898584582804
-0.1569587810374795
-0.27802438223235404
0.3193188679324964
-0.1820640506416602
0.2424289602937092
0.11321008163392354
0.45724571806725944
-0.03290696546966454
-0.09965296837645832
0.10882596163817926
0.30742822351455423
-0.47171659235229135
-0.20465612125279042
-0.3008658239792499
-0.18774648583531417
-0.014165441503001364
-0.3614074048652597
-0.28572111328100025
0.45207680904110203
-0.2136528695157911
0.3816042368202254
0.33714507600150967
-0.2984510049776895
-0.48314917354886655
0.2031990890268205
-0.0042510237251897065
-0.3820132316082059
-0.04796328676190997
-0.4254003233230562
-0.46605179230073723
0.4784096106345911
-0.2524781334950692
0.18812476386021637
0.1816812653955323
-0.40775899310064145
-0.4037208554936358
-0.18946978578826568
0.2270038769909838
-0.4576041577510014
0.4107207362524522
0.23095566675803447
-0.17712025278836063
-0.4496188215023066
0.12650016136722408
0.2977554329873465
-0.4014240857648227
0.1638522837849532
0.47417260939412664
-0.37966373075643745
-0.108029945245533
0.4984199771027029
-0.44942421989510306
0.44227807823267185
-0.15612119789675416
0.4288966274951611
0.29473124211089574
-0.29612285591798115
-0.05412155269805152
0.12205954499731198
0.2843807537043138
-0.1492176684081269
0.3938290370227502
-0.11090852827227993
0.2116311395342927
-0.01274780218318039
-0.3675382415374586
0.1972460436453206
0.05437271186827097
-0.15419158044368497
0.31346005791021847
0.08276289706421325
-0.4435719944486808
0.42783800058659915
-0.2799684373966156
0.4941137790828237
0.48320876714979577
-0.4382095432361104
0.1480424647016344
0.0692967922549208
-0.4766492960321559
0.31801752962803786
-0.20479285244482104
-0.058625996701893945
-0.02380996685233483
0.24807794370177916
