-0.4783520646643922
-0.42649898441246403
-0.28119913054706436
0.2103801316794114
0.3185870116804175
0.10809792856737577
0.18799360376241447
0.05579911451674702
0.3906691859471543
0.1315646591992372
0.47726816604569444
0.34454912744741495
-0.33665416628722933
-0.4022024001335496
0.17609181117461192
0.4043469139148467
0.14321202398554167
-0.45409968141169477
0.037618464791594586
0.43996365588263164
-0.0663987313528881
0.30711259751940856
-0.12068318428341585
-0.3129920393361697
-0.3556094134674451
0.4455836186526291
-0.253029375802563
-0.3635869885535771
-0.3671394182067661
0.17159492268738408
-0.2621545910968476
-0.4710500512747837
0.36126490885550844
0.49885824547163504
0.22689897715365948
-0.3618180040515083
-0.21043882357580734
0.2961942168135898
-0.2889175662397466
-0.13537792636414592
0.3373135632644656
0.09600946316113534
0.2556777538889434
-0.43108409747890686
-0.130691007779964
-0.2674363775090066
0.1535259135069964
0.28961456463305346
0.025016917058547472
-0.3183859319864385
-0.04188655645853878
-0.023269212215455415
0.22319743658288982
-0.4658650206874547
-0.028031644493568986
0.2132104437589366
-0.3905757640336387
0.27572943674708317
-0.15022435498855213
-0.4777446353215261
-0.004491066857328363
0.4711811397605329
-0.16137178888740666
0.0010931668978554354
0.143895836086675
0.42274224976103814
-0.1454383476743656
-0.35937774992598526
-0.3753357823018988
0.3578856548374546
0.36014622754772396
0.4083151570036756
0.35003803491809704
0.1909905574512868
0.17128550502867645
0.1534247602115809
0.4478639808578405
-0.4619560031079524
0.4548148388860408
0.2884989947458859
-0.11158635425119356
0.2743880306962184
-0.47230396939260844
0.1386640708590704
-0.002461175019178641
-0.44760725425231696
-0.3654090478075044
0.353354395261839
0.34196940745358284
-0.23688441868970955
-0.22733629827554147
0.1880061895391767
-0.19381760217804844
-0.4967045163128817
-0.06308038801234406
-0.14065569451298954
0.30037207219745266
-0.04617197766641312
-0.3881731138640564
0.49760616714228423
-0.28672542555915537
-0.3793203289587511
0.32110206336146496
0.31989226670969806
-0.4783769742720011
0.19120606302861787
0.3403313781007431
-0.24275905527417663
-0.19557100718932274
0.2184269587804336
0.4796009596308448
-0.06542106082705401
-0.05880329662719419
-0.24338531800039953
-0.09082176034473322
0.27097368865978244
0.4008163878685286
0.45328446022505375
-0.14615005592655905
0.4269490371640716
0.12382630020585783
-0.3677619433339432
0.03412406207621266
0.2610121538907131
0.2613328648781257
-0.46306197048468845
-0.07610791115390847
0.17453353829644358
0.20879435955633796
0.3326406348312877
-0.19397407550724066
-0.34333029678180704
0.3368098928026856
0.24340562483585426
0.12951854878512925
0.382713420362095
-0.04211488541007724
-0.467839241985908
0.08064328403870247
0.21244509520367294
-0.38832029040993854
0.07588422912472015
0.1423152966079101
-0.407478206965023
0.2712861635287839
0.28597528568951125
0.3872754953044055
-0.2714882673260589
0.21901065900502348
-0.36223112477245023
-0.3701803044136651
-0.2542514443613991
0.20101838634809466
-0.4937599451894533
0.17966259053527978
-0.31931866857025193
0.11570358131626979
-0.39573761536501184
0.11383970584523684
-0.1876074890390098
0.2970719897234233
-0.42538148141658805
-0.4076381123596705
-0.10631270874344667
0.2723676094546106
-0.20570243179684
-0.4871599163302547
0.08317489866801964
0.14450431598272206
0.15648275110298326
-0.3948858615274501
-0.14496655670607106
0.36352490744607313
-0.0869629050617361
0.22024371054049174
0.03502440697016218
-0.4210957264893629
-0.20314741322554664
-0.0601792776377833
0.11214384665289079
0.12660254442227392
-0.23027765605032768
0.2957579875036046
0.27341808982079585
-0.3344944973540027
-0.27845740958258314
-0.248102044710094
-0.1654045808536776
0.417275279129274
-0.2876899411363655
0.23634564049910511
-0.1271488221996403
-0.29967393253497143
-0.33978200400772895
-0.4598665151853578
-0.19746876966054183
0.45052666506121597
-0.3755318664295445
-0.3968366649606492
0.2802587020629478
-0.4530204351271446
-0.048371415320001
-0.29398219302352857
0.048706287913441004
0.12263136567787536
-0.4427303755205738
0.047229739682649985
-0.22849818180083825
0.47446228910354005
0.19243871148395397
0.11048167489957772
0.355554468068239
0.3098483580843029
0.45268543976916653
-0.3063082357264846
0.06937289535593527
-0.3720496425993214
0.2393629109099964
-0.06820644428409195
0.3794405462368118
-0.462958213683223
0.12081169613726972
0.003810352812565476
-0.49013821934204416
0.3391071903284416
0.05902789082515014
0.46276434558547164
0.35692997881956
0.07388911889024397
-0.4779045739697211
-0.18996762656977206
-0.263165748574526
-0.29873285100064095
0.13827787274600345
-0.2439403437814497
0.4163176616976877
0.0012135746461783281
0.46521854575147437
-0.43350063284933893
0.0686301132526721
-0.432446886731086
0.2643380950595017
0.0360201411724691
-0.08977988346330656
-0.33730683347826573
-0.3250062553262091
-0.26369874007590877
0.29325352192132836
-0.08953170971898405
-0.297797084072273
-0.24074482492896698
-0.41438541867937984
-0.22852093376157545
0.1152897049920012
0.23098243504413685
0.3407705614552645
0.14493573760863487
-0.15552969209720158
0.15098970549675872
0.4594510730303153
-0.01172479734019749
0.4525195615428358
-0.41537127130555906
-0.4917140518340327
-0.37828862582513945
-0.120451826749433
0.06865416334683705
-0.22353523846835632
-0.007393914205086505
-0.31971190922107284
0.33232614756713785
0.23109729305030946
-0.3910157535654303
0.05218912302483181
-0.44315050587518967
0.3007706253260096
-0.1640380268783077
0.13647089057909723
-0.29867496311236186
0.25239655841209896
0.45891621646584524
0.31167023407231687
0.4587642975501943
0.0010300663429049228
-0.4399178221994733
-0.42551947735269224
0.3941781294996435
-0.23154982839338245
0.492406254693889
-0.39208285714477664
0.006720811607739852
-0.36005445893392807
0.09798896331409168
-0.27216812427099935
0.07371084334404066
0.35684415202639086
-0.30654493572807207
-0.48246781636394187
0.17189774735881302
-0.3195824826131385
-0.4662950125926464
0.2418713885223962
-0.3491735633711254
0.29941449516308416
0.05967539431887925
-0.4751030944852175
-0.19269586675824335
-0.4433363361984024
-0.4624785297711447
-0.19917943880336608
-0.12534590720272598
-0.11305666644685841
0.12434164862086017
0.28541669252136337
0.07221711529048658
0.359949803404095
0.008693058049323521
-0.0066748774275229295
0.48418322725321505
-0.18060377074052303
-0.06730832272945719
-0.3395361864301122
0.11147678107850245
-0.2446611771059357
0.11639628247475009
0.09018519578055317
0.49633667725274666
-0.3956562861271864
0.16284126991803227
0.3425984339464485
0.4916163348952427
0.3624684211930663
-0.08810663192568025
-0.2440969828532047
0.4243431518279964
-0.35390453469935956
