0.460683460763857
0.4935498944210942
0.3373340258732904
-0.20169870693791003
0.10483309749904646
0.16387752337187866
-0.39189657621671137
0.47598895986595546
0.22184974940072677
-0.4291049139271381
-0.47921540183321754
-0.15427113075107934
-0.012371122328572959
0.3834093843042353
-0.30776398696415075
0.4644038461884086
0.018165482597934823
0.3757510044427562
0.18488111246624717
-0.0965298952370438
0.0857559228761956
0.2931034235270745
0.29614506215965486
-0.21434559507078765
-0.39551984879119306
-0.1508122799121584
0.07580559577277857
-0.2879212581612197
0.10520981770918725
-0.18980903824860196
-0.31738391391825693
-0.1494047725484875
-0.16457359891614265
-0.3020722654185334
-0.0027759360897403607
-0.4491599511790575
-0.43457671486350413
-0.49442418403174115
-0.25467845774012565
-0.2725080130960449
-0.3399960581551791
-0.03907131149013343
-0.24687182898696092
-0.08955204591944776
0.48357801783032195
0.2949591189312436
-0.14327781604170797
-0.20089601314617256
0.24659594309957034
0.1775895028607437
0.41739782625214994
-0.12234286100704761
0.4725518517748465
0.4679160734307719
0.3571426439761147
0.14932004604955684
0.36732351320352563
-0.30726355282994344
0.12149138339067223
0.3295665730981572
-0.4935927111076832
-0.28491976493116233
0.001427789226384868
-0.09799635449665323
0.42064490247973596
-0.11645480061513669
-0.19833044945186573
0.28519051635502746
-0.14267199498641026
0.06359232167725526
-0.07041438457130056
-0.015296046736559599
-0.27889428109276226
0.3435550555323238
-0.4028408734243488
0.011973538666091299
-0.04209085122235867
-0.1190308196590596
-0.022176516916235123
0.0398887946278238
-0.06485396921993347
0.30893188314392694
-0.15933701290682212
-0.2650945301747234
0.19270794112441725
0.3575495152885163
0.3963834565422243
0.4563557435846013
-0.20812894587153996
-0.13786429914643328
-0.1673774318483915
0.04589283751604323
-0.12703900063627593
0.1276725515041569
0.29058337597274453
-0.2565221273825653
0.4476913217563724
-0.30185055913436953
-0.15936106470502986
0.36104278846856763
-0.10162606564036192
-0.06025421716245538
0.3514695656027418
-0.2790599837136867
0.13373891992812648
0.4884247990634638
0.015458827546475096
0.02351596844708148
-0.14010940896313218
-0.46464181936847215
-0.3075121845126857
0.24662218257959223
-0.03503448180502833
0.127701796509602
0.16493199506167933
-0.10039562147224168
-0.41265310784732145
0.14759509360074285
-0.14142151197430342
0.4552860941074379
0.039829262682112065
0.3988580539656795
-0.4226541898094235
-0.4343093241123297
0.395916677892559
0.278710939309304
0.3241023343267405
-0.2692788123411862
0.2094757889403961
-0.15905590229039723
0.3355436718575522
0.433745048323917
-0.4647449101708958
-0.33268382124885254
0.046003057907251343
-0.11599356582824571
0.14532049173845674
-0.1444390260506191
-0.18676663073445698
0.41301592955777233
-0.4047540544214424
-0.3947653479706107
-0.11138709464912055
0.2605440021652572
-0.41606225251625173
0.33673637835248993
0.29489155975487513
-0.04442926330298369
-0.1277405947968695
0.014187550571447827
-0.01349229860899237
-0.25147870195410593
-0.1218364662557252
0.35945555563842235
-0.08932928691235675
-0.41665687212070424
-0.05017384037329875
-0.05753962045222771
0.36181731747269075
-0.08854275012472157
0.2333177152541609
-0.28799669758682944
0.32771486325261767
0.24434268579819896
-0.002365624943212574
0.39170896986408943
0.3623980285099898
-0.28251037121818745
0.25745219500570093
0.30727317173110047
-0.11070994932503586
0.0956835623877903
-0.45724438377018584
-0.36593903954976204
-0.26272706684172675
-0.4119409712663109
-0.29546883744186603
-0.24179972038180964
0.14313622060885722
-0.438911838269355
-0.28299403987917093
0.4296690113811752
0.41574666134982907
-0.26135373839632947
-0.4605502053720273
-0.34752615070500426
-0.049553561754468234
-0.23947780470054603
0.23434878370500778
-0.19512825612986506
0.3066006710722291
0.03421921292571317
-0.29620253127221885
0.3116857815746028
-0.3831202979728878
-0.3403827165452158
-0.39775483825938074
0.3011190029456462
-0.3162247089174336
-0.1679547031242301
0.21127198647926004
0.07007158833961147
-0.26298604669375536
-0.46346246583338413
0.3208583060067296
-0.1451824642900611
-0.0250549276926747
-0.46547398963774367
0.45165087481811417
0.3579998062100539
-0.30635496514935023
-0.38605394318459785
0.07401822783447354
-0.28174687780309593
0.019393045827461486
-0.1752902826920686
-0.16777401395491898
0.12536617515222648
0.003338144178554825
-0.04627206110217985
0.16585306281575418
0.08174592972996575
0.11159096428851367
-0.19286124677325378
0.13560783001904209
0.39004887050369497
-0.05036186227884576
-0.03787422984716804
-0.29300714045141185
0.30719474781842404
0.39689102777777496
-0.4733125941394939
0.2228057625890485
-0.05341896408845348
0.1953445537952203
0.10294404076754526
0.30425268108488945
-0.06683322236492306
0.4357359996449922
-0.4119531603728437
-0.03950972270333042
-0.4798031017914295
0.3152579413500137
-0.33352140496395943
0.2577007538846854
-0.13831089749974002
0.0027932207592026304
-0.15148680072942777
-0.4986562445865087
-0.09859253414472102
0.4408036977477404
-0.30817251051760197
-0.48098182233356956
0.38689790991808237
0.43741965864617405
0.40673516162934087
0.29640561587137193
-0.15373737903632734
0.4579393692423558
0.3902393995681871
-0.08494355495252925
-0.024297849616459533
0.11186343294383205
0.3600773273766045
0.46831871933917923
-0.22254492246055912
0.44975217620950647
-0.33284408345492966
0.39049888948355593
-0.0393827807814463
-0.16639150086527377
0.05325549068045854
0.42438251351820167
-0.4285767977769833
0.3251525454290566
-0.4093961139766338
0.27353236255551494
-0.4450742882659501
0.24826875900736178
-0.209099888418254
-0.16168015903481692
-0.03339155416234374
-0.17492990890197624
-0.09640586273219665
-0.1815643907107216
-0.149679199276759
-0.4405624279997059
0.2367043941171909
0.37966324669246065
0.3780238828360645
0.34755840057007803
-0.07181713344998164
-0.4710099162361787
-0.29281115300103666
0.13189913704648903
-0.028187144599541525
-0.18033289664287178
0.15329006143915325
0.28321467161865566
0.4588516882929047
0.016620083475141767
-0.30231245551113584
-0.20539190094854431
-0.06489284623246738
0.39265211399502153
-0.4447057780258018
-0.1976795396377048
0.49286296751365144
0.3971678925567842
-0.48822452700617336
-0.09015687308366371
-0.2819550803620319
-0.4583121529902239
0.006629570493718373
0.28511013054163115
-0.10475357505116223
0.48021062606050735
0.48634984441115514
-0.47505853456002645
-0.063291873769591
0.42752025825352424
0.3809702852027361
-0.16342728060573353
0.3460733526969413
0.25482462185980004
0.1676482186703674
0.17301999194430195
0.15371725787399115
-0.17035028665154917
0.37653912904025477
-0.42280610722665046
0.16767461802613837
0.4257040500281021
0.0670706399069847
0.13908947448327746
0.07266726916163913
0.31846653214100085
0.2568232937885486
-0.34895594506663774
-0.12054109505853383
0.0035396384084968036
0.020578587520359015
0.25796810637207856
-0.022258012432356034
-0.1726503645068178
0.49369522239623176
0.14261890564933577
-0.4220128747099364
0.2035639085552512
-0.18817338105377812
-0.4395993362804973
-0.35883712918085253
0.003634876718503044
0.09809438506598822
0.3438386814563532
0.48995957565843073
0.15616920074358187
-0.030816655340847765
0.3337894277555171
0.1711283767631483
-0.03264063942669582
-0.32657359438435707
0.06261233642265385
0.2957718388956504
0.18350477046931102
-0.1032022611044805
0.41394315158166284
-0.47709939047270655
0.35668771371283536
0.4768356701256474
-0.08562709330622176
0.07129589475780096
-0.3540410256355283
-0.25013289376286696
-0.22574957079689162
-0.3543051186821168
-0.21107308500335697
0.02350768772179035
-0.21200958892138355
-0.05445758384423616
-0.3875669261803133
-0.2857370167823634
-0.2713164844979462
0.4880289058074164
0.11603567190435748
0.019157626078848744
-0.07253178846016617
-0.1781391131349922
-0.14168719910075134
-0.39932878686450823
0.31503911147347186
0.33418767223703716
0.10353458636799928
-0.3441391033867788
0.32082962544379057
-0.23966671378844584
-0.05495610553523855
-0.08659762362195822
-0.3251779930793024
0.1944603362065983
0.41172364017427643
-0.4436174229712949
0.3376004526621097
-0.13098182224161659
0.3852178479508176
-0.19597108870195268
0.4961783408010111
0.22180524333293006
0.008112907966863814
-0.09783868478453839
-0.19370590237869978
-0.1982991493510632
0.14707426297308746
-0.42999481009642815
-0.1637159638574026
0.37759950370541406
0.38997296094691314
-0.46989546058076503
-0.026694640825477012
0.20980629847791077
0.002325804343133897
-0.39157334756538975
-0.11040452480316632
-0.1808706996253221
0.24591114497326627
0.03335070063725454
0.03461914370881236
-0.2538690995871641
0.4712124263418115
-0.014915503944663455
-0.481632169813743
-0.2685229556702948
0.4353799353902975
0.15115529020149976
0.18174039042867773
0.4680492839628323
0.3686904709447918
0.02897182056968861
-0.3881518772372585
-0.42353804592005384
0.4150237981540198
-0.016943559537855868
0.3532513673718506
-0.26214754981513033
0.20566367293052312
-0.3876021022474818
-0.40945155011201917
-0.018710118274914533
0.4907705137152206
-0.18752331983149573
0.1334027239556499
-0.03212645613362075
-0.050838439194542784
0.026866489555767425
-0.37799367740906364
-0.2604308799087607
-0.47542646520870835
-0.42508301226356393
0.48914454056611667
-0.19194243445861936
-0.10462783818301835
-0.385125453494227
0.3644379203927929
-0.3526521585471125
-0.025288628261577295
0.25589921481060474
0.28700345551458606
-0.37636903170528446
-0.34056525414195093
-0.43221234886458637
0.3046907384675075
0.14683016318963382
0.3985503307866649
-0.24618646259936738
-0.2187877485651195
0.36052775658651925
-0.4641008485445063
-0.45005166339847347
0.0069017358022966935
4.263344349061393E-4
-0.2033229764673744
-0.007173209067287356
-0.4855018024873715
0.14622820141487258
-0.26624205726391226
0.05917354847376044
-0.16173265033256112
0.4677938379000156
0.42730666747849744
0.3210080708242109
0.3229363284542168
0.22366628985986792
0.23995738176878134
-0.31620250839600006
-0.011668433383877463
-0.29147455517693277
-0.030126530647687333
0.4788278945071003
0.38627382992700976
0.06586232880083442
0.3152938749591142
-0.33358371347527804
-0.15180172623731147
0.38314039882795425
0.16670938666960744
-0.3268126711405095
-0.4848681023571405
-0.23106303758901137
-0.1233982338644678
0.43449025260232355
0.06607420721986412
-0.3249648086739787
0.32171773063474207
-0.4578672096247697
0.11649142608105567
0.07116265814280642
0.2691388891344372
0.007960726681521701
-0.15445125620491928
0.20605002228924274
0.2849473321473541
0.04541346592322959
-0.47113159026500184
-0.40429086312478146
0.1830762964160868
0.4440369140718986
0.3030167261666028
-0.4316928815451432
-0.1980259605140039
-0.4339628715182968
-0.3314142965486133
0.16473885408999078
-0.28200202697885435
-0.2706903417390488
-0.049349424909861606
0.444977516880364
0.3569955749082392
-0.2420193226992059
0.17854715140607968
0.28250886618736026
-0.15068271232387043
-0.22065194911218744
-0.3786719497799834
-0.45736799837890685
-0.11145405495541283
-0.074788174920709
-0.479079618891872
0.1351352558635126
-0.1994839574883901
0.4559351201614913
0.4019216821275995
-0.19216684837347253
0.006735767601611542
-0.03282195445794156
-0.2948652884396077
-0.2953235716917687
0.0751126869369042
-0.23790096665214144
0.3913565127724983
-0.3493760582415616
-0.4090752087919636
0.17591900283822048
-0.40739999741832844
-0.15480849570063215
0.1522655645856994
-0.3749040155459966
0.3498418615354568
0.1475698922799209
-0.1032672898511372
0.4199588518181978
-0.030446904415573295
0.41843002509491456
0.0999178706350462
-0.07249919214658584
-0.4443160745681751
0.44701055889566554
-0.4487054119258326
-0.4998655705560391
-0.17056205151548975
-0.1631906632396375
-0.3906097445326071
-0.3034380416328162
0.4360849678673886
-0.15082327460678857
0.06566726809914325
-0.2874840575425599
-0.44377433944843114
-0.3886642876300671
0.20532744650429402
-0.3880231685105273
-0.21166426680787476
0.2838296348578978
-0.2567071624871402
-0.09642402960422336
-0.04991927915547145
-0.24787427871960532
-0.3650948256412494
0.24224362468817062
-0.34219285311254455
0.15807839054326112
0.11342544255592402
-0.4472365587675804
0.2867796536890871
0.11918373255270454
-0.30979647073434347
-0.33025362342933595
0.18914749905830475
-0.20296813017982562
0.26842784185948376
-0.3323615193108592
-0.14771155300431238
0.07109220328121224
-0.03234692880978696
0.4147288260521079
0.01709153614399539
-0.05005871026294162
-0.2661562667645643
-0.4732752745572537
-0.3560952195872933
0.009270840071344266
0.31846009524526475
-0.18168598111125123
0.013287561661734615
0.08448984957084549
