0.31797850826074414
0.22352925504295695
0.37162963104413727
-0.08434797605437061
-0.11621236519553058
0.2988150815642283
-0.49464790308195805
0.3567240094320997
0.36617880359241606
-0.4363041176905751
0.33810588826972465
-0.4654543777814556
-0.03505944407141526
-0.40627000938862223
0.43205422326853204
-0.13060006293102733
0.13587468740671582
-0.41833920862573115
0.036080413325416893
0.20116422809700618
0.1605775318137096
0.2418519204088423
0.3433804498397527
-0.2889413488410829
-0.4555423300796012
-0.03479186813265611
0.2927004933439348
-0.3429328075757154
-0.14919101128672774
0.061159695108357726
0.394573033408392
-0.26919978060324357
-0.3226098376916585
-0.22026558350363423
0.49066334512050025
0.15313927025746654
0.4868451689254518
-0.1805638738349481
0.18734534216251153
-0.4081761059460822
-0.08656853664078046
0.19559387041432164
-0.05611537318858573
-0.39378830050799085
-0.014093994295885648
-0.3309584590754109
0.44111302139936504
-0.39723760529469676
0.4300517181588567
0.41643279042209325
-0.09176214242490233
0.21936721638492618
-0.15579037753229064
0.261191560972744
-0.4565632987248206
-0.35253443803722984
0.07731528838359492
-0.4219563295364659
0.028145611974563778
-0.352039564082573
-0.41867943007442443
-0.06572944088045118
0.4054574729163798
-0.07973472604531817
-0.1414856185351192
-0.3627291182243425
0.26980440276686446
0.04338482004686062
0.37913944000703914
-0.3792878617915204
0.298106064903807
0.4237523736268689
-0.49416545042922677
-0.47950144760753055
-0.35817626108113243
-0.44338246487108546
0.028814515727338286
0.3669775614339206
-0.4051325990751734
0.4360970590202078
-0.11066681866295192
0.0512524716180045
0.2540613097278105
0.13357330980121196
-0.4511427178597278
-0.38883627677346555
-0.40311861135150995
0.4049441477018285
0.24751217261051217
0.4264469994432267
-0.48456510635530337
-0.31570130853319467
0.08774270338076673
-0.3872283425549953
-0.13383835702961022
-0.025085935991868813
0.47776611520403955
0.26080794970558463
-0.4785070796727612
-0.04196223948535516
-0.02572437843932096
-0.3208329249237729
-0.2572871180763404
0.10574126575042697
-0.025012728117672522
0.4690034625965851
-0.06747575273248763
-0.2937991729246098
0.029004502895997875
0.08326386112719175
-0.028671398454785946
0.4880809217884807
-0.24339158419243456
-0.4949868128843361
-0.10701103223768749
-0.03473277839629152
0.49996386447701957
-0.18303779082485083
-0.38614974771858246
-0.2859845695370993
-0.13763496636798644
-0.2717321289678959
-0.20694877864668748
-0.4583468398069568
0.2360264207951438
-0.42512790770869735
-0.3273310504724294
-0.0907081489380277
0.2670579630161024
-0.08391009007872263
-0.0770047799920105
0.03057657822495974
-0.038853470692973624
-0.38714605002970437
0.10125121655688618
-0.21567845225876026
-0.20540225230778797
0.19196660265967325
0.32130590075266796
-0.04905054122636432
-0.2372240780043301
0.375907297231317
0.1274698147850848
0.3109732745336241
-0.22838795837693437
-0.11081288056959293
0.3671953658745849
-0.1716706219957519
0.15773293713074055
0.03993875554348425
0.0655210776698959
0.48219099341780136
0.4088972187150246
0.11937447513825405
-0.08164363505786709
0.3079615166921432
0.3488067969812365
0.36194090464532214
0.042209944752624406
-0.1385323831702746
0.14899537807418706
0.06544384956202909
0.0447241213212185
-0.370058041418711
-0.4646221150875247
0.48311271730351524
0.31338376196378237
-0.12079395145859306
0.46817831104751284
0.26851824166955385
-0.3409723990253024
0.04853408350244137
0.39133541115833204
-0.4205464949280213
0.0962964544818774
0.08299849822499561
-0.12888075994273596
0.4283331645014805
-0.4050883322161434
0.02766888342010443
0.07357372617450275
-0.4956390640692533
0.09368396690400449
-0.20114432540572547
0.06653388802040427
0.4866611072788929
-0.06658862035890356
0.2946607038549097
0.374348439895724
-0.18223516420111452
0.13533250996210677
-0.08958308560199846
-0.43792796146146595
0.013287433888050537
-0.3714407190430835
0.08416955922546343
-0.11922632714205139
-0.1536719871962332
-0.3870793498954167
-0.2868276321305331
0.1667408252750393
0.16406867536519676
-0.2670923761668065
0.1544411594778361
0.25474175397060317
-0.3307551001205076
-0.36608346469204933
0.05072893120605404
0.1391410075625794
-0.2693952560262367
-0.22625387232330796
0.40785619142751284
-0.00345365927736363
0.17416990277732058
0.0703116734178455
0.19015048788962619
-0.030202551694152313
0.05105601904631141
0.08079685932751168
0.19781982081862937
0.3054906118836125
-0.42219368388389233
-0.07202765968276148
0.14340451449997538
0.03586516298144127
-0.19836323487168062
0.11616750657808295
-0.34597715323340006
-0.09923854367050544
0.055686971849299605
-0.28761018184569087
0.391945635183901
-0.3835079410577734
-0.06168392153468627
0.10734399385806559
-0.39189439875116694
-0.08414892291362719
0.3756782352851269
-0.2833890790925371
0.22146763653976642
0.0071195773658423445
0.3082576212047782
-0.46599583255382293
-0.04824401194326167
0.22980709068397598
-0.3202617179314633
0.4071299106623911
0.12385538389687234
-0.2789971884598569
-0.29947072770088723
0.26943331271979043
-0.4907271492687313
-0.1514073324279106
-0.19153895970647838
0.33352310541646335
-0.02663249745101648
0.016230814636328472
0.3556141854490762
0.42732302963765345
-0.24337404786350847
0.19983769683417252
-0.18706288886601496
0.2376073339394179
-0.06591869782575066
0.2365288718282328
0.2032543309199183
0.21473474305662898
-0.030956311861792374
0.45426226018097715
-0.4515373278178061
0.2879037098689916
0.30563126248627215
-0.2958763340246403
0.34815764649118797
0.3420089195923931
-0.37083999569337245
0.23705385294387515
0.4946278780486366
-0.3848123354963807
-0.23572792593917602
0.1529526870450435
-0.42689952213055005
-0.209598605715141
0.17775154125257409
0.3424793017745714
0.1963159486768472
-0.4250931628692871
-0.29370220174787354
-0.05950083533139228
-0.12104390145122901
-0.011772113771154613
0.43909641046099845
0.3150129732331023
-0.02985594985491402
0.41224768039626447
-0.3491519567143533
-0.47346632715877246
0.33118077338137
-0.30370175200821037
0.30298584229811365
0.010262170816731309
-0.22912261062356687
0.25563246151067087
-0.09086719760229012
-0.04295621698208574
-0.2677113300666456
0.15342140131915127
0.4954198323844503
0.498971336963384
0.362347605177444
-0.38557249065405863
-0.0228931712428615
0.3416329667693937
-0.11015329809167285
0.2827622729813103
-0.4799818304288278
-0.07261409457182877
0.1874069887856321
-0.19335575334184418
0.3586251408851584
-0.4373300918165436
0.49952070557133377
0.009832152649182468
0.10217800896485829
0.19725742801722035
-0.4185505848197476
-0.007585896640504464
-0.2238895486476089
-0.29553037165876894
-0.08729591439000162
-0.00710645921680364
-0.2819905895090099
-0.42122896285579714
0.2240295257872318
-0.260981395795447
-0.024235582057021476
