0.08775455804699116
-0.2755255907603961
-0.27869355190429007
-0.4169421004723348
-0.1249488949236138
0.2119129035221193
-0.20744961853602728
0.03695103801865892
0.024099971787297808
-0.4625791197793199
-0.3099411565125532
-0.23861393214517715
0.09000884695157804
0.04678945274926281
-0.19847201135687545
-0.249716073327319
0.24496870913266958
-0.43765753868807433
0.004069209999057731
0.3599790942760491
-0.33203895364955105
-0.30139243341737
0.20646939501258374
-0.1928477125516217
0.4319118874850029
-0.37759980152561595
0.15338417620901115
-0.07157008074533876
-0.24374543115508474
0.4314898366444225
-0.17621586990932794
-0.33202911034030536
-0.4124732251176856
-0.3242616039935711
-0.48055346775317676
-0.24407991628927736
0.1256533519225354
-0.2218898108305765
0.3402952687276221
-0.19933978592719254
0.01656182516529086
-0.25660495730952415
-0.12766901784579346
0.12606958274693095
0.23401611305743145
-0.034562364355256114
0.460788217515029
0.3126913221462207
-0.027578465491849224
0.4518139943398616
0.042303812884391924
0.31547798399105986
0.43292077937730444
-0.36652696535534074
0.3064431664407211
0.2880617480511671
-0.28762221783464953
-0.061526439364542176
-0.47800379425361683
-0.3720566385856006
0.23693687186803308
0.08099939698443116
0.3355613988000189
-0.10586144363266452
0.42771790294576206
0.005357706163730963
-0.2835763685603837
0.05659513114021343
-0.09516180323193299
0.08010753469176123
-0.004277351911467076
-0.4717941377868581
0.32423337777570077
0.2266239615549941
0.31724128149856706
0.29058907528283673
0.17909014648981206
-0.4220908397827764
0.09318810101026796
0.12715631659106616
-0.10982827158433793
-0.3214351048480953
0.12701532285790734
0.0702962681478743
-0.16749003405200216
0.10162515531165345
-0.2834963461912904
0.22137118280545803
-0.25773193045938125
0.14182768645598637
-0.2143976600280533
-0.1259087983249084
-0.3831920136421087
0.1397200609955702
0.02614382082784662
0.3373671807572009
-0.17950109057247135
-0.5239651577816067
0.09824527701666075
-0.06702394115314579
0.12225611881398753
-0.3321476592932694
0.4411596165936738
0.4706361772342074
0.3512695430014552
-0.16794464816254967
-0.0531239191723551
-0.2739305530032403
-0.13143283275268197
0.41609394328772603
-0.002196433742275043
-0.19791678748545055
0.05347160431490276
-0.17348754758891083
-0.0760043125957577
-0.3537934813982976
-0.3821420856819923
0.43172318772178886
0.09301513368179445
0.1572487291461132
-0.4424202120130014
-0.2768346508669789
0.2726805174443202
0.11664185739618217
-0.46416971576035904
-0.08721931795403193
0.4316821020650875
-0.31036252192638986
-0.14654733309471718
0.4089127983359018
0.45186537594338066
-0.15927044036576468
0.3026073164381851
-0.37488099707642386
-0.24686083304428882
-0.0030943992031258957
-0.03103013546362944
-0.24933324801512982
0.45658174280268693
-0.3904256987325806
0.22109722870031856
0.3501134780109921
0.3481066821784079
0.30106016598025537
-0.0459319166839345
-0.31133042562430757
0.1597489155365521
0.3309726245739023
0.016560956900303053
-0.13170617984879196
0.39694927883899506
-0.36517916838391684
-0.1544635157534015
-0.41074923561113746
0.46625283747018587
-0.3314023097782009
-0.1511299613914504
-0.24887079179322083
-0.27021027212619425
-0.2103705375581715
-0.4043400909186219
0.3237481037959316
0.0956049946808744
-0.39643945889703996
0.07012822232428828
0.022130831462259172
0.49301397681839493
-0.4462709558268972
0.20473376485663908
-0.24206694319001915
0.13655056840990573
-0.3939877226141231
0.16851725660521005
-0.2361510214900885
-0.06834661410454926
-0.05599393988477645
0.22165915863134905
-0.46970137584769567
0.27872406808397626
0.11121109666763337
0.26989825688463737
-0.30429602601243855
-0.31917203325244925
-0.1382974159603328
-0.008324314566680105
0.04458525704101095
0.17756462629258474
-0.15849511325148058
0.27913966858887407
-0.11844854707092664
0.48422213687811316
0.45157485622981525
0.3125439240629618
-0.245078410169326
-0.28597482286013204
0.45666166540754194
0.07849172328279296
-0.22717018982691506
0.31741446734635526
-0.16418028450447417
0.16232781116263573
0.4324561026931748
0.22785240732624074
-0.2321253690399936
-0.04803463788133171
0.14020000777586805
0.18468592514819931
0.32147179657757213
-0.3374832726074168
-0.08640487766462092
-0.14548144148936173
0.4676633522789704
-0.3114462175296532
0.07260603044578867
-0.3279174058628576
-0.37003308165642274
0.28812006359142167
-0.4252446477067032
0.37640577249301216
0.45621321365020284
0.481915987178639
-0.15531987114080176
0.22265929318996316
-0.4489682087433586
-0.3751339668808687
-0.24754763231690882
-0.44675005310580074
0.3915377600923052
0.18604849357538608
0.3743344684662205
-0.15797658858377403
-0.07743928304871274
-0.1019765635591851
-0.2298528167799205
0.43331545394995785
0.19017363456272438
-0.2875059502467755
0.4407958717915256
0.33302579312653546
0.07882485543484963
0.4381153237114263
-0.2571707131582385
-0.27307008995499726
0.24338176636974354
0.2189270548900813
-0.008008350479831911
0.26362991547072245
0.48773642034446024
0.38858253967017586
0.1225890645617849
0.40930543472030734
0.4948614477194697
0.15989617180580273
-0.1901738656474076
-0.3437271366236958
0.06037332520889175
0.08264195008087401
-0.33332174699079736
0.47265139717267957
-0.11056683361092286
0.2864738748639411
-0.4314988982153035
-0.4860268928156044
0.38702741071670593
-0.2573739724138916
-0.34365231981551664
-0.3358791680082402
-0.07737189226028657
-0.3212000068946383
-0.22203149812682632
-0.06953387630427559
0.23825087382783505
-0.32048354498693704
-0.10431723600683866
0.17673067395661862
-0.2001941667239775
0.018870764905104156
0.23586002927600172
-0.4892277751677868
-0.1643749441192676
-0.2878948370859988
-0.464899319816864
0.469322216803092
-0.19745988909922751
-0.23489113886332963
0.12657081488027047
-0.2257682012323784
-0.3316445960523698
0.06438126372876686
-0.47784999141959056
0.07153877990225918
0.44925345795285604
0.018237345096357157
-0.40538366059570535
-0.06793649177802868
0.11446219370474402
-0.3080122326768718
-0.1679107719704168
-0.4085275322829133
-0.09507051707025278
0.008959634533881579
-0.15312827367597165
0.1355319840594016
-0.23470707563997928
-0.44611059225643884
-0.38943814012518796
-0.01058922717536621
0.23585068253617147
0.4664390498362806
0.43003456193873874
-0.36453906725067364
0.06011449606885739
-0.4089265422642433
-0.26248282018821506
0.19359355832460243
0.43816470314684736
-0.41203105165942827
-0.014696254516160146
0.369145942553779
0.331652362492386
-0.461937116621002
-0.12606337567122888
0.5362620453239826
-0.44556808638249196
-0.028185269634802092
-0.23948009514797058
-0.0015295257360462972
-0.41624883508399585
-0.07895898888544117
0.3595704395714852
-0.03156565108238757
-0.44117248451395674
0.09255999384239401
0.0908208722428602
0.008667156860727521
0.07352613038318273
-0.011329405789304485
-0.25647246961120923
0.40577810122498054
-0.45381820794944766
0.08611112383561659
0.0433844218338461
0.49728585206706183
0.25860198183068345
0.397207686754864
-0.25232890322505647
0.25170483357722706
-0.029396611296858652
-0.038517738838158615
0.4761864545063661
-0.40860850307835955
-0.21545867059194537
-0.3400271628980751
-0.2515031044520909
0.3566795491339621
0.26924863294686124
-0.3127329801310849
-0.15253742920524416
-0.38787195447231154
0.34907407753276737
