-0.08213575959530817
-0.15941632337730494
0.2768162191010459
0.3979538217090497
-0.3458455132701279
0.29642263241282596
0.4221761861885206
-0.06456547901602727
0.22035008603505557
0.43862451924329837
0.34678603718994927
0.06794174600058389
0.18305255328335168
-0.37054664119843794
0.372990274487385
0.4329762871732882
-0.3437670952892691
0.22769499779189528
-0.2839213983823363
0.3739947869977378
0.4870246440390703
0.05055036805020152
0.08621308729908905
-0.1747923481239979
0.2133776291894468
0.4602495838926466
-0.16449804965467074
0.23828141995410668
-0.19695222942206148
-0.32005746546367464
0.16270899314265852
-0.11771240975006847
-0.49704804513525536
-0.4617334982433752
0.26878085636867144
-0.13063814972050414
-0.25286382489471493
0.1787270089377846
0.38615214756971505
0.00938581148543094
-0.3292469652770259
-0.17749219315585285
-0.4395215702075318
0.22127403125488743
-0.09813681725289558
-0.4796124878262754
0.10958597850210072
0.18136336997593716
-0.1713515444940289
-0.21011960969418375
0.34492044011481626
0.34159513387743246
-0.18225925263692366
-0.019046118204418927
-0.25410352436476547
-0.30431308699993853
-0.4084172076375444
-0.3437519104704536
-0.4368775794177423
-0.3380880847936948
-0.2998378521693331
-0.32509664604964184
0.3358222630324106
0.47799635160119136
0.46441422851891123
-0.42782860380681076
-0.2843895068994339
0.40998055840269343
0.12326183230867016
-0.248333228996376
-0.06166292935767692
0.13334984385305182
-0.11370041192104796
-0.3795358982569965
-0.2820703785416113
-0.3239995311788786
-0.37997903625034835
-0.3608090400409645
0.34473775245495997
0.20625511055373802
0.4310602447074745
0.17933254556930056
0.06835466523396927
-0.06613291051665315
0.07354621188664989
-0.026576272100446885
0.1905922432504511
-0.1262337527347649
-0.3012332233405254
-0.06165421259993775
-0.2767767257999376
-0.39020009230765984
-0.25055928008129114
-0.24496293652938128
0.4376154384585573
-0.10422099568850707
-0.30898226336497314
-0.13390811190741658
0.4674285345375222
-0.2886471734738274
0.4228248913996342
-0.24123915894463444
0.11431427905827085
0.26173302782224916
-0.018403669131278444
0.40877830220040245
-0.2609807131836497
0.4362098965222898
0.14281380406460875
0.3131205166295439
0.3353927378149194
0.4761036990223797
0.47936316551405445
-0.18461481255438206
0.21360369893613096
0.213057342559272
0.42718494668213614
0.3714526546968294
-0.19175734549091206
0.376243982042337
0.35525058657342745
-0.3203556775070612
-0.331888666261831
-0.011618895232232473
-0.3867083451576976
-0.4070422663409211
-0.328030814777412
-0.11606158497392105
-0.39319044809742176
-0.4004505567318535
-0.053845260935374784
0.01577932061183651
0.45863727042106583
-0.024703260144270378
0.33244416445585767
-0.17198899709372717
0.08925511270402964
0.4727822614204378
0.2426471790706457
0.04654123495951368
-0.1641948529218028
-0.3273745615718108
0.14300216995923765
-0.07144183422215367
0.09923384100929855
-0.12610518546026883
-0.33256563083042
0.451730812038616
0.42305742539644
-0.2095406779131863
0.4320124486387845
-0.13644572710624125
-0.0835376954307746
0.3514898273694551
0.3185391471878747
-0.22891437264593506
0.07168436375154752
-0.33573504874772886
-0.2688497715591194
0.29727261221291035
-0.3368513937417935
-0.36170093806360226
-0.30717029509050964
0.25258798196270904
-0.19616137763913255
-0.09521792680665309
0.28485728409389344
-0.21280812868734245
-0.1039261446978037
0.11471340875911795
0.08605584675176692
0.19391486972970817
0.41413242922268534
0.2561536092211004
-0.4934604527626151
-0.22297589438545473
0.32917508497434955
-0.2357102931948145
0.22784984661039076
0.08497669475548919
0.31093965034788995
-0.17423907077744238
0.17532762217748987
0.13496411725594104
-0.3282370975981157
-0.21336637872050834
0.04459447636777647
-0.27819441347467255
-0.25218487848948146
0.39584086684393305
-0.18943545198383138
-0.02588588166746708
-0.41627438146436824
-0.09424944699834603
0.20716469614178523
-0.09397795288233968
0.4143160588868995
-0.3567783795072995
0.2930475399910103
-0.22497855228969077
0.35099631973141077
0.1890872058092956
0.24284893770426697
0.18209228479726214
0.46514748953691143
-0.3951779946762395
-0.33513099673763735
0.4147557759932877
0.16597086483689405
0.3998450045213776
0.22622387406508293
-0.14815033188347437
-0.4978616349469849
0.4153745926225424
-0.22095617922596922
0.0060426741664145744
0.04191295750596802
-0.476273985584425
0.30026118976851324
0.2514230518217272
0.3917513898450322
0.13948285280001227
-0.3686262356580353
0.10429351420838806
-0.18667995480864807
0.06668496931737267
0.4315279173912149
0.4401990737676118
0.022633332767769132
0.24379287295866947
0.323661119751134
0.43984381591064126
0.1430875622253438
0.18346396698542655
0.3280556062329649
0.45913893305503906
-0.21498480063601866
-0.0401010020344732
-0.3061998823275315
0.28807063156203483
-0.4079688024295359
0.3338203499875303
-0.19586292618861012
0.49710816349086573
0.4477735438153734
0.08037038169571264
0.37722422403533895
0.2207339540297829
0.40100146966756567
0.07166971609633976
-0.07861921429414542
-0.22888617065534556
0.2557564018759333
0.395536477823346
0.3750418364314858
-0.33938184635413104
0.40070884939864215
-0.20776127232025587
0.29234884576502007
0.06371105102326635
0.43161880662069796
0.21538006733170767
-0.4406808600575097
0.4000219862408465
0.3740771436201755
-0.40964426856960456
0.31918015848597514
0.3114910839212983
0.3296533879263608
-0.060835564877178894
-0.15725087797103565
0.03696025992951313
0.21376617319857705
0.20018087801316764
-0.39812650819160467
0.42190280134878344
0.2722244944318901
-0.4977070722774003
0.4160849424421108
0.4146696673462388
-0.3573732740686191
0.46503911910959983
0.3720007634581445
0.139772273422616
0.08660453780141764
0.30940307360300956
0.18589686370594538
-0.2744310698240443
-0.2783038343477363
0.08761522393919785
-0.11404098851606315
-0.28757203682100063
-0.42439862681948515
-0.47045138759866356
0.2682271578982556
-0.027819227022546245
0.1121346335096467
-0.4938300415503537
-0.2774765017561879
0.4313262025740603
-0.4057566674641191
0.20794284577685374
-0.29151229385131217
0.3157917240657616
-0.018896084347508113
0.44868447011441137
0.020208254853249952
0.2404042694223304
0.35772476139462517
0.33360431016219694
-0.37937915346615914
0.006224578042090423
0.3434553550702364
0.10539002374920126
-0.0553801049702074
0.40338184534669663
0.4792321086765785
0.28079827001540625
0.06604259738694185
0.28488104854242446
0.24766667802311237
-0.4520448418347659
-0.043341718267783214
0.1835795770926516
-0.08056047266933664
0.033347200784112685
-0.02433325023612931
0.029516861191950072
-0.2745705205355299
-0.28877834713256445
-0.37900623648249143
0.19527611571595294
-0.06939315546839453
-0.19134299316038061
-0.15616233059346107
-0.4071755977803885
-0.22228403317498857
0.16926295230473676
-0.3753447078117187
0.22829006582700362
-0.05440480928071678
-0.26196014675059787
0.4251476364617546
0.22166689634919534
0.10746471287760284
-0.1952844546734689
0.01588005363577305
-0.36404581811165426
-0.22253252616646546
0.4837343330030023
-0.18342649953758872
0.40743852094030375
0.12702013142479496
0.3007121293615437
0.17254568602003106
-0.2888456770296677
-0.1941133712320613
-0.04882034147269443
0.47830813819868157
0.4283091531877089
-0.052151824690180204
-0.4716038716753097
0.07177596809308362
-0.4732854614762513
0.3828646650954597
0.06955430638690918
-0.13303639573686754
0.0769679124247783
-0.34161680297347097
0.02740644503354739
-0.40246491450702393
-0.14731971580891812
0.38914833226805756
-0.26286077797898544
-0.38094612499652847
0.16785191553535606
0.4868215120567819
0.11479244647464715
0.18936463599864184
0.13284428723570652
0.21895341531057677
0.10549089679522683
0.23757992458329702
0.270286066461944
-0.004714430360588939
0.47496100479633185
-0.0963026249243587
0.4692905100052409
0.14791981890297345
0.009877204305753562
0.23930997335499138
-0.0667992825631113
-0.18615264190680925
0.327619511513915
0.3104178106006229
-0.050839237332502285
0.28964424265779143
0.061659718332868874
-0.2828731571322042
-0.10546018278617486
-0.010374844672311534
0.30379545984127154
0.46448771440110026
0.16730968076231578
-0.23062104370789327
-0.007129960796052326
-0.4176607959840615
0.13063786954991463
0.060516746540044575
0.4921711378577597
-0.033950201201825236
-0.4659112365244814
0.07003306123442699
-0.04982379492928768
0.49836267282159596
0.4583310585922513
0.49935676135600293
0.2862598062672822
0.060037199927466034
-0.12666070988573597
-0.08530943773853317
0.32959101706585947
0.06128570491478558
0.35398646765578445
0.20456257585618198
-0.14823413053248102
-0.04459567991386493
-0.12457328117873256
0.1325733036249116
0.3517495341104395
-0.3944051298763406
-0.3320756465832786
-0.3847510307201477
0.24223381015605716
0.4106525004945668
0.3372110991574171
0.17843176336951327
0.33547447498224725
-0.024035364307554152
0.29541381478759143
0.2583447063807398
0.11555855913799307
0.04013395450919455
-0.45950355565373635
0.4975267244152447
-0.48493902820209056
0.3815447941564106
0.43559600045567626
-0.18665260955690688
0.300003972254145
0.20465910968393186
0.18501688424325258
-0.4548917583389773
-0.13602164916375237
0.16225379311286192
-0.08794873484162824
0.015100149794845752
0.18759198609482697
-0.21435333558474456
-0.16548438501438678
0.41160937890109006
0.042302396458775315
-0.4604976236598407
-0.3723048797923232
0.09196803102963491
0.46957781239329155
-0.2018842961703754
-0.22583160912436007
-0.44004912150280595
0.12782180734406245
0.2971140442502397
0.28015100561081296
-0.23417369846901304
-0.04679896613488521
-0.4784964735673082
-0.04393740518369016
0.44239690143109445
0.07792887855860642
-0.15907804499674494
0.10519115051295447
0.050097050364187656
0.43394441124338845
-0.2756245739590897
-0.43233425406547676
-0.441514132061135
0.30727183223429844
0.32145239900787326
0.07600397561393535
-0.18341041579613426
-0.2860620803194259
-0.27658185266695856
0.23977374286552555
0.21484292800941296
-0.0777015897156279
0.4695886982234222
0.08403550092039935
0.28545882919960286
-0.32461277088020235
-0.1818184478867203
0.41727916964006184
0.3527289300106313
0.3216348123843564
-0.38585744848288106
-0.1197265019695476
-0.37280526239352885
0.08026699398110371
-0.29762599938196344
0.25149473034399317
0.3746858539470387
-0.32115835800850145
-0.11103180029989324
0.39982989390165524
0.2652859906670355
-0.14897065066774695
-0.0762602738458189
0.21502650992418215
0.12639889409105665
-0.37964759323868313
0.4562885944530156
0.15704562482019668
-0.22569605189415853
0.02257067509169508
0.2775144888077383
-0.4627618641411274
-0.4903007865586526
0.4440883708572926
0.3492584976880855
0.38967224126827193
0.3568968860154057
0.0172718477431133
-0.07610801294786806
0.34218515218386325
-0.3447086912116566
-0.45070910911189077
-0.07441354443308812
-0.30735345611918796
0.03364042111414678
-0.20747846851870733
-0.48958790544023223
0.08622439278908911
0.4900775859925658
-0.32379779644745554
0.11623317836755864
0.20492518549431926
0.14937885770063952
0.3676488713650239
-0.29245083193406707
-0.005082030299222606
-0.3113479200128927
0.018105291905515353
-0.09068021932359949
0.4248005608608679
0.35918105716838056
0.023530883699415917
-0.27333018385329355
-0.4193935633966849
-0.49094462310590503
0.387740166459693
-0.06334182284246548
-0.31687736675135625
0.16493681836174412
0.4753105240573481
-0.27089812408272196
-0.011164583970165065
-0.17997370104250476
-0.17893685774591384
0.1703784363627624
-0.2553871795247823
-0.0841607291844313
-0.30774919702535586
0.1507168642154194
-0.2786069217505005
-0.3568374135351944
0.38953256588924157
0.46943311159373147
-0.2954018230174895
0.4206073998451725
-0.17636643943295816
0.029850133979723026
-0.15990237541081453
0.3119797753726872
-0.4895595708573207
-0.1819949592743657
0.35158955169541517
0.08563523710010401
-0.015467751420771059
0.40300290213893275
0.39940649203090484
-0.3058823163763599
0.2759624578604456
0.009858909090894485
0.24570103352094996
0.08331175227726118
-0.06783413868587684
-0.160724403084599
0.24449432446212993
-0.38363225217182495
0.2850304392994282
-0.17750924820018477
0.0343581681255678
-0.35489132049584304
0.09633307189349471
-0.4198518989504416
-0.31718286129133866
0.3052884682586633
0.3961293390628471
0.07014746115476178
0.48556974762941174
0.14994567540171533
-6.216173343820408E-5
0.0796070836888505
-0.21190246926915723
0.03786670969728845
0.3292402799491806
-0.2897164099207644
0.42362649574514977
0.490394699220392
-0.34875922546878935
0.40053521257152536
0.08635968687900597
-0.2971885754280805
0.08757572999767094
-0.2160628270914443
-0.11799842487829448
