-0.3503810553034604
-0.2503400278214384
0.35435521977882145
-0.2465451030063588
-0.20899014354550927
0.027570375931741165
0.2884662521026371
0.06686599263531812
0.2805798189300309
0.008897358456859683
0.3813807525404488
-0.1398036605071986
-0.4705070505523551
-0.3484608847402524
0.10351444556413858
0.17538401687483984
0.2391046439917266
-0.260160568858707
0.4166153800354274
-0.10915658981318166
0.05267287974716617
0.13290088806358946
0.4656732763137321
0.09704667810756706
0.417325222742279
0.34413282566217995
0.01192243624221312
0.4866439307359428
0.1918344555510264
-0.29927792069714576
0.35977623408264725
0.07275133868552341
-0.17811139252593322
-0.12434060218088128
0.14478956217820294
-0.4538934556149171
0.09692382520486809
0.2851500509266829
0.3702526537204044
0.2351113530729273
-0.39877814023239766
-0.29931798551970956
-0.49322212462817683
-0.057648464839401226
-0.02314383755269711
0.43772126697157465
0.3022491229517885
-0.10299555297591123
0.027203421955677154
-0.3480522246981024
0.18876076788221108
-0.3153852507226075
-0.4928790138003788
-0.40085743541894125
-0.1813188788740513
0.2940397802285425
0.169522267831404
0.19628011855426686
0.3137336578961675
0.3559354171230489
0.26796583736388213
-0.14092319762101058
0.26899597743136405
0.23797444794933753
0.25100660000805475
0.3851908059304371
0.4179756213259902
-0.09094072604247272
-0.17356008201284634
-0.3975358339430044
0.13542850899661008
0.3881111345800121
-0.07779714821508021
-0.3919565892128819
-0.3686556449022642
0.1525885451049619
0.325578944247095
-0.3130897342497081
-0.22746925227436987
0.09770789071300934
-0.056513514744394366
0.4172989843188728
-0.042514221466867674
-0.4905906481395361
-0.30598779978153934
0.045672655239669346
0.3657566021973858
0.04243144117125841
0.012985783097251846
-0.05462414060846377
0.2047393296339156
-0.12057145652726398
-0.16072672515628317
-0.13922360653618582
0.2848831987547177
0.0878850477497427
-0.27140019459788034
-0.3173458303218233
0.36852035952936146
-0.3113492576066067
0.43809570003534914
-0.29920949065222924
0.2580496214524196
0.10324250548213088
-0.0776080600419703
-0.3638432020455482
-0.48403910203737543
0.45662687054632156
0.18697462215576222
0.26779622139969295
0.042194847143422476
-0.32198071127128725
-0.1443598944196075
0.1384379048913721
0.4735897683935596
0.464305651613122
-0.37372407403197094
-0.3519215919967458
-0.484324307769362
-0.05098798388121606
0.01282501455057039
-0.1737900152074785
-0.1311662348221071
0.35431909631765535
-0.09882612375183708
0.21107135122121268
0.36884620228491105
-0.005562116056928912
0.48283766552201945
-0.44175882669154454
0.3261206404324213
-0.25426649704136517
0.07269873340507338
-0.4489097425119185
-0.1816202444579561
-0.4976952025549145
0.16568718237630886
0.2920537312235828
-0.13163440930563675
0.1952967194029619
-0.15782465875634522
0.11637954075450041
0.02111511031366864
-0.3299560982389367
0.2929906397770443
0.18895509407212507
-0.17537785255326577
0.0872134744602342
-0.1976657599252849
0.4200093491095134
0.11320758536854203
-0.45756454197578433
5.256556276641566E-4
0.46693253833833104
-0.20532106935013084
0.28347986012724924
-0.421623763748031
-0.022848537995618368
0.05036659586845915
0.244859460909143
-0.05887263117060437
-0.22905684052865638
0.471383489725933
-0.3831921586996436
0.4722719738892225
0.36326577833381757
-0.3250388861050286
-0.18109775139405837
0.17621078371101395
0.08012974308331855
0.37147432605809183
-0.44182835814571697
0.4735774919920369
0.037728798169747724
-0.3142263273459249
-0.382649803973948
-0.16580002713317854
0.4214945598373202
-0.22429735817385033
-0.3589931833699377
-0.24995272449590422
-0.17256486786102365
0.4361849974851195
0.46560206260434256
0.27414520173087864
-0.09043843146395325
0.42902472297581173
0.4740934335475938
-0.018674194145693823
0.2149035231962465
-0.2634303929103834
0.046530899234963674
-0.25719073454177555
-0.1184411581489303
-0.19835356591185005
0.4251545851673977
0.14899902264730858
-0.174581577765352
0.08668447555678316
0.2158268845397895
-0.23649562288739734
0.14765227289834904
-0.03829893177743782
0.30720154215838436
-0.3537130520474131
-0.24226150947383784
0.013831359371817675
0.20485256870168778
-0.25503922892843933
-0.37423830090312593
0.36034169422367135
-0.35034343316947514
-0.1793414951447574
-0.34709671349887206
0.44257444039948823
-0.08195867863326967
-0.4514917064067887
-0.11950919301000584
0.08002925201603761
0.3862851089711763
0.3126502064067188
-0.35433076581206024
0.27179428390980487
-0.21812936678906247
0.0018521817084286019
0.33570215563196726
0.34679784385093504
0.04196794765853051
-0.19583046942829963
-0.40689362330907997
-0.41514031931803375
-0.14755861194936548
-0.40227557095736344
0.18026840654780707
0.35727818145642043
-0.249654708136415
0.03956436673683217
0.22488695987361107
0.1686980816807101
0.13869428570543563
-0.13430818692890667
0.2365309563079272
-0.2787393554944715
-0.31563657413415536
0.23273998267683416
0.10979710375627338
0.2675465594197084
0.34829470385628925
0.15540198986240894
0.31099763342036635
0.07057918602530211
-0.2682443633773277
0.22360451756404354
-0.4169970579290415
-0.2528360625490905
-0.48678266443021034
-0.18045133624102572
-0.20318991811261033
-0.36490281001579583
0.49748829969013986
-0.002875632039424869
0.028602480032363653
0.09528577622530887
0.2020617491701595
0.034837439214716825
-0.4524873206062361
-0.1634233268571883
-0.03479628072573471
0.4282705692366805
0.1619940664800985
-0.06589691226794958
0.2761301102725604
-0.2507667048163671
0.29165373913337145
0.20121215247217672
0.3996906660657147
0.36613778522365514
0.20659337865108307
-0.02945354028924252
0.39629848833061654
0.49377111791616
0.10775074638391346
0.14161002633237119
0.3224140668758213
0.4205166285652634
0.10942952516506232
-0.43984360521122856
-0.2622873179619941
0.04721035921670891
-0.27084959881189097
0.40899533460798254
-0.3578649942061597
0.06420106613706322
0.1901519494151207
0.31032147828297185
-0.380659797996159
0.19181532307464388
-0.30168504251917916
0.26642664913553127
0.2726522897176131
-0.0856881519355639
-0.1320209257776913
0.39866536628237004
0.0054093226899513125
0.04854211046912871
-0.35993378138362186
-0.3161995544704853
-0.180303090659086
0.3059172304209671
0.36112027308871675
-0.46763599341452633
0.08576659616062876
-0.27008647590555024
0.17331813574314714
0.10542647515185055
0.16901050688862285
-0.47876752596963734
-0.49679786874014986
-0.2758256998245464
0.3921841792172067
0.2988632980823608
0.2308295850464568
-0.4090449959563146
0.05763918913357624
0.28767908397974673
0.07123032116031924
0.3109553848391099
0.15764804609306493
0.27183075330238515
-0.19349176694597592
0.38043748971840474
-0.0395260167492445
0.40808517540997646
0.26961848009679423
-0.10953618433210621
-0.12434165857611557
0.15438722096487834
0.3997970883767318
0.18430168929468238
-0.12593095692533385
-0.3636917792365404
0.26481510931843166
0.10220411461962808
0.26657332564835623
-0.25232453823234435
-0.32332528386587256
-0.2509772971868218
-0.17023098492572375
0.16156146719756748
-0.08493999101140604
0.42811546469027983
0.10802793658616727
0.2139431923429903
0.11680055697530267
0.49927086325933645
0.21817663435846413
0.31472509307961194
0.08980117130052212
0.43887631144707173
-0.3635416477067561
