-0.4783520646643922
-0.42649898441246403
0.14365254536733907
-0.07841120681360192
-0.4660558482140861
0.10809792856737577
0.1881752775236718
-0.34806027455208344
-0.31264237407163875
0.382351485273313
0.47726816604569444
-0.4346193118109474
0.39446994512521516
-0.36126757973690815
-0.3890766710378383
-0.1461800244939595
-0.18395701563821265
-0.16776255428500686
0.3002328511387269
0.10992965543885103
0.040009280527960156
0.3937239997937082
-0.12068318428341585
-0.392995787489257
-0.3556094134674451
0.4455836186526291
-0.253029375802563
-0.3635869885535771
-0.30180793031109165
0.04400845355421634
-0.06835922709417142
-0.3130539098709514
0.36126490885550844
0.38312193248865145
0.22689897715365948
0.4937731134140404
-0.38755771048663035
-0.09656199398302445
-0.2889175662397466
-0.13537792636414592
-0.2870057376424683
-0.4049752148176682
0.47578821101690116
-0.2904738746100729
0.4001673570513925
-0.4818168215593087
0.1535259135069964
-0.25776437707342015
0.025016917058547472
-0.36319468560761137
-0.04188655645853878
-0.29681666320747424
0.22319743658288982
0.10322754973632564
0.37964379705492257
0.4798793095177849
0.03133510669345285
0.10362359988558345
-0.032412620393298064
-0.4777446353215261
0.22761739376773793
0.36729345997029905
-0.31615687492381606
-0.07382592010495126
-0.38805096624229796
-0.21077914744205728
0.4094556104349445
-0.15101470938382033
0.42466019691933343
0.3578856548374546
0.2277403118315212
-0.21390408870796762
-0.1671081450027585
-0.3127298077235664
0.17128550502867645
0.21348972265900212
0.3863717870151059
0.1641978362440668
-0.3201045375352287
-0.12066035432182654
0.28029003028284305
0.2743880306962184
-0.47230396939260844
-0.0979507397645909
0.1878977135783555
0.2253026707957454
-0.3654090478075044
0.353354395261839
-0.05425366425039713
-0.23688441868970955
-0.22733629827554147
-0.10621735132391341
0.03817461692832691
-0.4967045163128817
-0.2917231660533762
-0.14065569451298954
0.30037207219745266
0.35190135297778247
-0.18196201133841805
0.3253061760784046
-0.4418225181560652
0.45707119257806916
0.32110206336146496
-0.20282702484987736
-0.4783769742720011
0.2946936660277756
0.3403313781007431
0.08923015630495956
-0.14411595233239893
0.2184269587804336
-0.3830696343603748
-0.12472952294710626
0.03141241450444665
-0.12472479018900229
-0.0976137818037156
0.27097368865978244
0.4008163878685286
0.45328446022505375
0.1856966007251638
-0.32507729260318874
-0.3417728825380021
-0.3677619433339432
0.40518085163909057
0.08114920198506226
0.1380172597674857
0.22387401463416734
-0.07610791115390847
0.17453353829644358
0.14283980014619058
-0.11856066156875666
0.029931070005745908
-0.34333029678180704
0.3368098928026856
-0.07776508100029
-0.04006074434673812
0.10269970205757395
-0.4605933969165935
-0.467839241985908
0.08064328403870247
-0.2572698857958856
0.4324833975585819
-0.17040604147863636
0.3667283676155031
0.12779801636527277
-0.20070072651389725
-0.1245784839474815
-0.02789153351760676
-0.443089190788724
-0.052949837454180027
-0.062468578342090963
-0.12678854959999042
0.37734839993899394
0.20101838634809466
-0.4937599451894533
0.17966259053527978
0.25606463939104973
-0.37480649645070063
-0.39573761536501184
0.11383970584523684
-0.3745963369728289
0.2970719897234233
-0.42538148141658805
-0.2756263367424111
-0.10631270874344667
0.4764053942950689
-0.20570243179684
0.4701433727431761
-0.40103808757972925
0.14450431598272206
0.3422571439032269
0.21057547704200053
-0.45913384263665813
0.1028368754760427
0.34725243054449706
0.16675127354652597
0.03502440697016218
0.243097167580001
0.20057667560746584
0.3173054139839243
0.45937963508771573
0.12660254442227392
0.36778628877961483
-0.10486208399918617
0.27341808982079585
-0.21289457840598414
0.3184952895911455
-0.1371683531037834
0.10295993460320907
-0.31846184707596037
0.12980321567933006
-0.40440728230146605
-0.2859829593711506
-0.4855362977679393
-0.024543162384950357
-0.45223030298860567
-0.19746876966054183
-0.3525486489141302
-0.3755318664295445
-0.08258301583541627
0.3870240506137729
-0.3977138037013509
-0.336405850883735
-0.29398219302352857
0.048706287913441004
-0.3639749829509964
0.300564746343
0.07448105913940484
-0.22849818180083825
-0.21470620681706243
0.19243871148395397
0.3719700724717242
-0.19443403926963165
0.21589417486856932
0.35204328362614246
0.48562939616982204
0.06937289535593527
-0.43022130542465953
0.13534370347004965
-0.18120328474743075
0.22416828255487875
-0.33166863822238113
0.27333220158157867
0.3918225881600208
0.04747084799057533
0.39496391224519245
0.26712881095466456
-0.16610499930859268
0.13516339916934828
0.07388911889024397
-0.4779045739697211
-0.18996762656977206
0.07775473991723503
-0.16235075577875913
-0.14480715755789797
0.24093624991514662
-0.38236649061317696
0.0012135746461783281
-0.2978535127931863
-0.43350063284933893
0.06144664389601484
0.09395295456694397
0.2922818195872746
0.06399322283413889
0.21206767964690698
0.4098629197849545
-0.31218574367657825
-0.04037884454507068
0.29325352192132836
-0.02168868360173959
0.046131545249456396
-0.13596231536750547
-0.29978740887542676
-0.20573618857173082
0.28467179988043523
-0.17892909102027932
0.007669637550989372
-0.1794226070724544
-0.2424318655857296
-0.39669425217931664
-0.057305357496560294
-0.0333115457711054
-0.25312829706859974
-0.12675432628619954
-0.4962305210897996
-0.37828862582513945
-0.120451826749433
0.06865416334683705
0.4015168659146624
0.05550976990384815
-0.4078242530271712
0.3059535449012267
0.23109729305030946
0.13063850829018364
0.3333934593011184
-0.44315050587518967
-0.39021551481293104
-0.20346313257802617
0.13647089057909723
0.18228402068628824
0.3034867794888647
0.19764641270993832
0.11776372563402338
0.4587642975501943
0.0010300663429049228
-0.36122053482553096
-0.24451443287595553
0.3941781294996435
0.4997727997830206
0.37231881363287644
0.014956047164749298
-0.35980072156208687
-0.36005445893392807
0.09798896331409168
-0.21507638377720484
0.07371084334404066
0.44907125774845924
0.15569803098350932
-0.4205666853854989
0.42628216743689007
-0.3195824826131385
-0.14012932807527845
0.31223295471128687
-0.3491735633711254
0.17682538248040647
0.19501684766075356
-0.4751030944852175
-0.15040058963127467
-0.4433363361984024
-0.27070042187776455
0.4661486037344118
-0.12534590720272598
-0.11305666644685841
0.4436860905817829
0.09488716039388068
0.07221711529048658
0.359949803404095
-0.4144387148525942
-0.0066748774275229295
0.2840547515848708
-0.06622622581724236
0.3196315405595431
0.38654075384957676
-0.4092210168126643
-0.2446611771059357
-0.47623189378638453
0.09018519578055317
-0.10610626556890868
-0.3956562861271864
-0.3990816276671725
-0.02520214071025706
0.4916163348952427
-0.005770699586563399
-0.08810663192568025
0.4889345100599892
0.3152181881982772
-0.14594212262849793
