0.41718875518716014
-0.17562747193019967
-0.1410125641950373
-0.1264167352641663
-0.3889577589388526
0.43311771471933935
0.2892307247534657
0.031094342346811722
-0.20097792537936077
-0.062044172106610396
-0.44588132591879875
-0.25183721156785244
-0.19802062647460972
-0.3564675824595672
0.1430933153783949
0.21228262935361053
-0.2240920078003478
-0.13084457863181376
0.3312019189433628
-0.41576735520142055
-0.11579800721126687
0.21802260298868126
0.11893407214119121
-0.28024792299468626
-0.1568027833863589
0.04799590475995019
-0.24231571091396104
0.19263946820017064
0.16517765147451302
-0.05358261149921373
0.2387279237108073
0.20902049376385823
0.27292450117118816
0.09119635606256615
0.10082370316969881
0.2284804482807764
0.06805827756054839
0.4394528239957278
-0.40793498733581357
-0.39535265627956234
0.2912397180772665
0.013925028891113134
0.05171339740229755
-0.17589646425718594
-0.17362706309600162
-0.44168032334636564
0.3680691633198225
0.3732740907854526
-0.06762187473752612
-0.07423880898317711
0.316859420541701
0.34873993580459717
0.32007716528810093
0.010437446106099263
0.3711045432613443
-0.17721568161007661
-0.15479218234254877
0.261827856228693
0.14076759755257512
0.3685403921242499
-0.16852782921139098
0.16958592501405967
0.23814524800804016
-0.3558358439102086
0.005785950084072122
0.28981280142292437
0.10577936491550906
-0.219218170375584
0.047347618996873016
-0.23044467024876192
-0.027587454314845695
-0.48923197761867665
-0.4847838680563865
-0.20291674818870273
-0.3789636231626409
-0.20196275373703032
-0.09641097482342467
-0.01748719492715045
0.17126550224757364
-0.15284416022128053
0.12967270800737418
-0.06491045564902921
-0.12556142946028503
-0.11446378014029358
-0.15590187332436115
0.1478819250470157
-0.22938693270948085
0.1770154408856074
-0.2742777304079972
-0.12725502902531358
0.04873615346996278
0.2851161866031096
0.16354839037859203
0.1426597834116422
-0.12316164295101105
0.26442800954774126
7.669460717751875E-5
0.1802584309308455
0.47398364793706893
0.06295060230861249
-0.16414829188881774
0.07458679795628587
-0.3526734318088933
-0.3772482055539293
-0.4822034552837312
0.41095871646477566
0.277015954233081
0.4751455463540465
0.3863042193255723
0.4910020553942882
0.14414569014679102
-0.0196571807514424
-0.22430762713000818
-0.47818361815976107
-0.03102301291861498
0.429681911146584
-0.49342264615001663
0.138541487303532
-0.37116969049793547
-0.4478264159558289
0.006830176205560046
0.056653120793512035
-0.26169276272052844
-0.4535964814638421
-0.16706243950158836
-0.44116589982194443
-0.2565024220972575
-7.136961086167126E-4
-0.060742578923090276
-0.13487483522558086
0.305187818025109
-0.2791917517348572
0.31593593768139017
0.05535337880552915
0.03937128606016149
-0.18931027152974203
-0.0045735902321726585
0.4352260264140225
0.03553892846703628
0.09431341105714089
-0.24511620841344883
-0.1834205042052387
0.20423030793002628
-0.2138862510019
0.30232471074377554
0.04262432096196245
0.36941137150941666
0.399052451474291
-0.3631404240853583
0.23062879826772686
0.21407929403867562
0.21573603131757546
-0.0021778493937752996
-0.37266437197134716
-0.13632216273459297
0.4495596349240075
-0.07212122966554546
-0.25445095877298646
-0.2969031167844044
0.02552584963696057
0.326605809911496
0.03734110782308403
0.4896665930432319
0.4066424988541797
0.4100148852482154
0.44673587971270046
-0.314679498677381
0.16695362374246325
0.17132918837151573
-0.43572463481869683
0.07009560157326389
-0.22621670426692464
0.43436752781021576
0.5021922995656837
-0.16728066760896754
0.24235152125289267
0.3474191750773208
-0.48528813565700923
0.2667605676882935
-0.15682273955504356
-0.1652703676467817
0.2169937423664266
-0.1392691486397455
0.29293153471679756
-0.03241094599769179
0.22875203759689844
-0.2739629709743893
-0.13624045552176822
-0.4000527761914826
0.0936920046386918
0.10390765272901611
0.14955852362434705
-0.25462658383361014
0.0559694218811667
0.5003529022727417
0.41669481607695535
-0.14716489833137492
-0.3488213478208415
0.09577314562241201
-0.497523840352793
-0.20008320950681446
0.4142861029015197
0.24117407545375025
0.38215947326129573
0.3774825867652246
0.2861601727593953
0.44596674318399143
0.22044522410131429
-0.20440281698919222
0.4198056259073214
-0.39496399064603926
-0.09162511412757712
-0.28341292743134744
-0.3506988732195425
0.13536669065873483
-0.4775216488209302
0.10406178754586037
0.37129552992272685
0.4812235283469378
0.3188122449745773
-0.4371560007230652
-0.17278858606921704
-0.12952566667922186
-0.4136258966039036
-0.15528921241331942
-1.8490139395510585E-4
-0.14300528891062217
0.2550527508150099
-0.22844118216383721
0.27154192804097366
-0.41559800321597395
0.4712856153167827
0.4643862055597383
0.12890001839305898
0.46727906019714693
0.2399843847777389
-0.36041245492120305
0.029982889177457395
0.07042784571259621
-0.11111588787198635
0.045931626060113036
0.06693298440593921
0.34295646787552225
0.10484862799149522
0.24272888656417838
-0.30824648306931957
-0.13790570026775115
0.4187822302172317
-0.3883634757172803
-0.4021050188241975
-0.23093788884979638
-0.3743947591335521
0.11438815619645225
0.23057659989083334
-0.3654473353638996
-0.46916703659601977
0.47213367007367285
0.3940861663042098
0.49797296095431953
0.32195996252358
-0.27374763008905656
0.42856725306228527
-0.5007316773535389
0.06132274754064715
0.24708572611325486
-0.4328992127510328
0.08583831146485697
0.05314042468402394
0.16024797737800833
-0.4227523720217987
-0.1512182810360171
0.3763884314453452
-0.07351770296200573
0.11546113587228188
0.22722396380262821
0.22672118702911395
-0.5106596040898485
0.11727128588407654
-0.056259597049438614
-0.4661319668674314
-0.1389821536753474
0.2948338089419842
0.026821002633648564
-0.09234166538433419
-0.3368761685755012
0.36989397775751254
-0.4094213773770087
0.27534629189044096
-0.09196749347599541
0.3160964596345396
0.1603407991654604
-0.1292145022852963
-0.139080440776695
0.3567741634246946
0.07210831463127587
-0.42701327573591963
0.24369142156541715
-0.04004311605703162
-0.30664851369617824
-0.41410653468570735
0.34128910974753346
-0.358482263555131
0.343116035382407
-0.07012578613267213
-0.15994815470803248
0.04018668673474767
-0.2516465175979927
0.39223805088020525
-0.01622160819784143
0.09528328970351126
-0.08026240916224703
0.4248068702208017
0.09503629923193734
-0.37027714873944206
-0.06842467576406286
-0.3444388310131664
-0.03304448713717656
0.2525750202739532
-0.32156364246913705
-0.34833407177189696
0.14992265647820363
-0.4898188188029381
0.43333445929987796
0.16976214224696712
-0.1707204305254024
-0.37472010748405343
0.09768984394710578
-0.016074567282784762
0.23289139869969888
-0.07235133976643837
0.05606241190320438
0.40750235123364176
0.3924460731857258
-0.16467661563999456
0.3586954231845938
-0.3449355658928298
0.21935723285876238
-0.012122009824879054
0.36719844357581477
-0.1875028327792185
-0.4578706305117442
-0.34050395013082024
0.3696947041398927
-0.2821582847063874
-0.30823647204940996
0.1515892196107551
0.11304228260695193
0.13324997661605875
0.15855198388418956
-0.14213397161434949
0.4087419553631718
-0.24280972302238135
-0.058861166220742056
-0.11832824424601011
0.32443558490808083
-0.2230684100461577
0.1944407545868594
-0.2993651050010494
-0.24359114409079619
0.4873127322498184
