0.24255260608566548
-0.04496906741465267
0.3009197350701307
0.47901839547267067
-0.15125963936909437
0.3037200525122885
0.0470205331161716
0.289788126853455
-0.18199842560809798
-0.438616941850756
-0.0987261976556234
0.4719883774809792
-0.44934056514294585
-0.36632754955070523
-0.42680077908746605
0.01724601773456271
-0.4443195600010852
0.399413844991898
0.33754276808901795
-0.12475595076595514
-0.3103878416157474
-0.38629655812132696
-0.1380308954021914
-0.24002868407547626
-0.2808536817101358
-0.06293709899589606
0.027745917991502944
0.31501930186232663
-0.059893974863044486
-0.49177250079246215
0.3956568588316769
0.3456198418955664
0.40916211147739934
0.42038902996272337
0.38971512635093364
0.13857499749956703
-0.11282180529457397
-0.4515790658744986
0.35806207254180655
0.296240142021142
0.14783380397689605
0.038119073789205385
-0.22255904024681378
-0.007190903124600236
-0.3466562591810711
-0.34875785837109596
0.26616912648061475
-0.07217162799047955
0.038223265404819656
-0.15560725973642142
-0.2534886331700389
0.43167191977064145
0.20287272668505796
-0.32976785978621403
0.38060557002126516
0.4724710764894976
0.057960097783508135
0.2277664705422059
0.4511731197484533
0.01469657447631351
-0.17699868221167214
0.3694497487360847
-0.31253935215246587
-0.4524468381170463
-0.22516672190611253
-0.4204187702469899
0.4377719559734816
0.22272092334028348
0.4536863556353375
-0.3446757221928445
0.04943637891816122
0.36328142807416147
0.03779291870844141
-0.171321288169622
-0.08298410240403055
0.18775877474386393
-0.4971856762927551
0.387171101594078
0.23948630151926842
0.46845938119189406
0.04421805098775866
0.14433375831929673
0.4411319300061729
0.39509327399474925
0.49610860552897107
-0.48774354341834186
0.015538773925598437
0.36044930469152714
0.4296920817184928
0.35067019460883064
0.11841444447368484
0.15114226814791976
0.11395109168333202
0.26751697865323054
-0.32732392948714584
0.22934566595875572
-0.11082553457402981
0.12170034406612738
-0.28739080369580383
0.2649014679198244
-0.049783722015634455
-0.4041055026485063
0.004402803342837677
0.17820296331566954
0.13570544981521357
-0.48782574004668244
0.15385109537327035
-0.29167458298752247
0.4993304758839374
0.1995548982053984
0.3485640829434239
-0.09928348234197705
-0.0880112637338699
0.4360329816316486
-0.27798756260805657
0.0922945444695239
-0.014348358423581065
0.3532505583588318
-0.033269066729903485
0.13891604942454244
-0.27718020612821803
0.20654062939361773
0.10616565283373441
-0.17950529216172395
0.3317774454464908
0.074771037020963
0.4714351867073211
-0.13601559343910022
0.2942165545169702
-0.4760619938157614
0.2080606064709417
-0.08583079287527892
-0.29335200297514463
0.11234797717857248
0.033341926079249906
-0.07784953147856588
-0.1619677700953981
0.0656254750115118
-0.49322495313920955
0.10538160927823009
-0.0676824619770791
-0.21884491506612191
-0.20455817224987707
0.29977879118397777
-0.41081052161503795
-0.33969292949051144
-0.058869790075726125
-0.43651942490518936
0.2654955488913432
0.3604756736305292
0.24518317609445786
0.35829686962641727
0.1500762269014586
0.3301055783808794
0.24495604283255698
-0.24565025556057996
0.2723916977236354
0.2489610079511585
0.09338158387663253
0.1829034448616873
0.188506881850381
-0.26688005288194006
-0.11761675457938014
-0.458860708427581
-0.462719238222871
0.13757829803251137
-0.3894779218494643
0.4427814524706675
0.25761120051664044
0.33217582585398875
-0.360465814551316
0.02020286489353412
0.25540464623870524
0.31543983200633624
0.1922270416777515
-0.11193323982294656
-0.43657303292196237
0.014913403419064108
-0.4618161564542932
0.23458179728460338
0.0889246888419542
-0.17487091854896264
-0.04484826791772021
-0.2616841875252488
-0.07234389685065218
0.37758598064752047
0.4463109596483891
-2.636613777710073E-4
0.015890681044700483
0.08031354542413849
-0.08523245054775208
0.39020100084635945
0.12363704593950897
0.08358812340071287
0.035652979640872995
0.022475150912497396
0.4644160486622716
0.1750025226526134
0.4978493097248161
0.2837484972449153
0.21131607927935567
-0.23356715491866187
-0.18100622591663643
-0.4808856153708464
0.43542507074470527
-0.0222441771139682
-0.001817244441485899
-0.48092222175810795
0.050381077925780504
0.0493151218898134
-0.3803729310496184
-0.37038090771913973
0.3628185491458529
0.2956537655156636
-0.31053143468903877
-0.42068868877485144
-0.5022481186422203
0.2982511800925933
-0.3011024137965907
0.18585584138947142
-0.23310454161056263
0.1886031810301927
-0.23960165304211992
0.3545157386272231
-0.42069261577340356
-0.3591933674521196
0.09061485289251059
0.4091507115726255
-0.0847221249553813
0.39234319182328875
0.2010711413396391
0.12864449901409364
-0.39862045537954566
-0.3847133512722951
-0.32854857587729386
0.33171761305512043
0.4895265657895689
0.1478280667406381
0.43082014650409756
0.05634424889694716
0.2830758140298642
-0.24581538117126622
0.18154601322693562
0.07890980839766654
0.2886125578811114
0.3229053480774705
-0.4159660942853475
-0.25336954494314956
-0.4822000954655805
-0.07037892547526585
0.06284482451505002
-0.18197264067350016
-0.01361902913725382
0.06911135322291044
0.14828464792863288
-0.13069152166027276
0.309602625144049
0.17865996443434107
-0.09449246282102207
0.0579433878778788
0.23580254167955295
-0.2235783853725325
-0.06320277073361102
0.053714268800669505
0.48562163512882706
-0.3384004416175832
0.04089273102047375
-0.4976024772982507
-0.2729767396236474
0.18856258219977165
0.021655211098688912
0.2277308577507794
0.12076885111958435
-0.34466281295829676
-0.1608421416736677
0.030331508190852063
-0.46443028490735483
-0.12660969642841138
-0.21906966055521518
-0.33076560779728303
0.2992329828225373
-0.06285260672326842
-0.4327276936592997
-0.17836704033553974
0.46124556908212166
0.09525319318334502
-0.1157458945024522
0.2740769723441196
0.07350160384766591
0.1752037781102651
-0.44826171546284077
0.21541327995698284
-0.39434148046834816
-0.1224634442456442
0.26031817867030516
0.15723453367780083
0.3061668298135609
-0.5014690732915382
-0.0019287365307334436
-0.287702114145435
0.12778753240975738
0.34713400184477355
-0.22723206884541547
0.3442369382373316
0.36578244013839106
0.22671655441905614
0.06663790507909825
-0.43795092612004516
0.06342682131358765
-0.025813593082110863
0.1748860174718303
-0.027681645759216278
0.2737745184115221
-0.06047290680527384
0.17358601551362504
0.10912324046310616
0.21936318297735533
-0.24546515721135698
0.09785890546420281
0.4603504541054221
-0.15176783366084648
0.3735548047292231
0.1121435238875455
-0.4303930511802815
-0.24616350309383617
0.18891136802077668
0.40040993153967613
-0.41231562353071416
-0.49687359096439043
-0.29008716119868816
-0.1596941388406514
-0.14311217679564642
0.46855967915233887
-0.4800377784241502
-0.37156404242732677
0.19670816954367754
